3
5
14
17
18
19
24
26
27
30
33
35
38
41
42
43
44
46
48
49
51
53
54
59
64
66
67
73
74
76
77
79
80
83
84
85
89
90
92
93
99
102
108
109
114
115
116
117
119
122
127
132
167
171
172
173
174
176
193
196
202
215
216
226
232
236
237
240
242
243
244
248
253
271
274
275
292
299
300
310
329
330
331
332
335
345
346
347
358
367
369
374
378
380
385
386
390
392
398
399
406
410
412
416
417
420
424
432
433
438
440
445
447
451
452
453
464
477
483
485
486
489
491
495
504
528
529
535
537
546
552
554
555
559
560
567
568
590
591
595
599
607
609
612
626
629
640
652
664
668
675
683
693
698
700
702
712
716
720
729
767
777
784
785
793
832
843
884
888
897
932
934
1031
1044
1066
1068
1084
1119
1127
1186
1199
1220
1251
1259
1296
1335
1394
1434
1451
1509
1557
1595
1667
1690
1903
2113
2370
2541
2574
2593
2627
2659
2773
2962
3247
3402
3523
3585
3810
3833
3854
3869
3910
3952
4279
4294
4332
4358
4366
4367
4376
4377
4382
4399
4410
4442
4448
4473
4481
4508
4524
4526
4530
4532
4538
4554
4576
4577
4584
4585
4590
4636
4657
4677
4703
4733
4739
4764
4777
4791
4792
4806
4828
4863
4869
4918
