3
6
10
14
17
18
19
20
21
23
26
27
28
30
33
35
38
40
41
42
43
44
48
49
50
51
53
54
56
59
60
64
66
67
70
71
73
74
75
76
77
79
80
81
83
84
85
90
92
93
94
96
97
99
102
107
109
114
115
117
119
122
123
127
129
132
134
142
143
148
153
155
156
157
159
162
167
170
171
176
178
181
183
193
196
197
209
210
226
227
229
232
233
236
237
240
242
243
244
248
253
254
257
258
260
264
266
267
272
274
276
280
291
294
296
298
299
305
310
315
318
323
330
331
332
335
337
339
341
344
345
346
348
350
355
356
358
362
367
369
370
372
374
379
380
385
386
389
392
396
398
406
410
411
416
420
422
423
424
430
431
432
433
444
445
447
451
452
453
455
458
461
462
464
466
479
483
484
485
486
489
491
492
494
499
501
504
505
507
517
521
523
526
527
528
529
532
539
542
546
552
554
556
557
558
559
560
568
572
579
582
583
584
590
591
592
595
596
602
612
631
640
643
644
646
652
656
663
664
667
675
677
684
689
691
693
702
707
716
720
722
732
733
737
738
740
747
748
751
754
760
766
772
780
784
785
787
790
801
804
807
837
838
851
854
864
868
881
892
894
896
918
921
925
932
934
950
953
954
956
960
962
964
988
1004
1016
1021
1031
1036
1037
1043
1057
1083
1099
1108
1119
1127
1133
1136
1145
1158
1170
1176
1187
1223
1224
1232
1249
1252
1256
1259
1273
1282
1296
1297
1305
1355
1365
1368
1406
1418
1422
1428
1429
1445
1455
1456
1485
1522
1533
1552
1557
1560
1562
1583
1593
1612
1634
1653
1663
1669
1730
1769
1896
1916
1960
1978
1984
1996
2106
2237
2253
2352
2370
2374
2382
2434
2500
2541
2574
2584
2593
2604
2626
2629
2679
2728
2806
2962
3037
3065
3100
3137
3178
3196
3284
3381
3394
3400
3409
3424
3469
3472
3475
3535
3552
3553
3585
3687
3696
3704
3715
3754
3765
3790
3805
3833
3854
3871
3886
3888
3929
3947
3948
3956
3960
3967
3979
3983
4009
4018
4019
4020
4023
4025
4060
4061
4073
4084
4101
4142
4219
4223
4233
4272
4273
4276
4279
4283
4285
4288
4294
4300
4310
4332
4345
4353
4358
4361
4366
4377
4382
4387
4392
4408
4409
4411
4417
4418
4422
4424
4437
4442
4461
4462
4464
4481
4499
4508
4509
4511
4515
4516
4517
4519
4524
4532
4538
4539
4552
4554
4570
4576
4581
4584
4590
4592
4598
4605
4621
4632
4636
4676
4685
4693
4721
4739
4744
4750
4764
4792
4796
4807
4817
4828
4830
4841
4845
4850
4853
4855
4857
4862
4863
4874
4897
4901
4918
4922
4926
4937
4938
