10013
10035
10039
10041
10044
10074
10082
10084
10094
10096
10097
10098
10099
10109
10110
10111
10115
10120
10122
10126
10133
10134
10138
10140
10147
10155
10167
10168
10169
10172
10173
10175
10176
10184
10185
10186
10187
10198
10201
10202
10208
10209
10217
10224
10230
10233
10241
10252
10254
10262
10273
10285
10297
10299
10305
10307
10319
10321
10323
10324
10325
10328
10348
10353
10359
10364
10375
10376
10378
10390
10392
10393
10397
10402
10404
10408
10412
10421
10423
10429
10435
10448
10456
10459
10461
10463
10470
10472
10473
10494
10495
10498
10515
10519
10522
10524
10530
10539
10540
10561
10564
10567
10569
10583
10588
10593
10599
10604
10609
10613
10618
10624
10628
10629
10632
10635
10641
10644
10646
10650
10659
10666
10667
10669
10670
10681
10683
10695
10698
10702
10704
10707
10708
10719
10736
10742
10749
10756
10767
10778
10780
10792
10799
10808
10816
10828
10847
10867
10871
10874
10877
10879
10883
10898
10900
10902
10904
10905
10910
10916
10917
10918
10925
10929
10934
10942
10943
10969
10977
10978
10988
10993
10995
10996
11001
11007
11017
11018
11030
11043
11050
11053
11080
11092
11099
11101
11105
11108
11115
11123
11125
11128
11135
11143
11148
11176
11181
11191
11192
11207
11224
11227
11229
11240
11244
11250
11252
11262
11263
11268
11278
11281
11289
11292
11294
11303
11307
11308
11320
11324
11326
11327
11331
11340
11342
11345
11349
11353
11355
11359
11367
11376
11379
11390
11399
11400
11402
11407
11423
11433
11439
11455
11460
11462
11467
11469
11470
11478
11499
11501
11503
11507
11517
11518
11521
11523
11531
11532
11543
11546
11549
11556
11569
11580
11583
11594
11601
11603
11608
11618
11620
11630
11631
11654
11664
11675
11679
11697
11701
11703
11705
11722
11723
11725
11727
11734
11736
11744
11749
11752
11761
11762
11780
11783
11785
11788
11792
11805
11828
11833
11837
11854
11870
11874
11883
11886
11900
11914
11921
11922
11923
11927
11930
11933
11937
11945
11952
11954
11958
11962
11964
11975
11985
11987
11989
11991
11992
11993
11996
12015
12018
12020
12041
12061
12063
12071
12074
12079
12081
12109
12111
12122
12125
12137
12148
12152
12153
12161
12171
12184
12191
12205
12208
12215
12257
12275
12276
12283
12289
12320
12326
12338
12354
12357
12358
12363
12366
12387
12390
12396
12419
12423
12444
12449
12464
12477
12479
12488
12506
12507
12508
12511
12515
12518
12519
12525
12531
12534
12541
12547
12552
12561
12569
12573
12585
12615
12645
12652
12656
12676
12681
12690
12706
12717
12723
12726
12729
12731
12751
12769
12773
12782
12789
12797
12798
12832
12856
12857
12870
12878
12893
12896
12902
12903
12916
12929
12930
12932
12934
12940
12951
12977
12984
12994
13018
13029
13036
13064
13080
13085
13094
13108
13111
13125
13136
13159
13162
13171
13200
13208
13217
13244
13251
13264
13271
13283
13286
13288
13300
13302
13305
13315
13329
13336
13367
13385
13389
13395
13400
13423
13428
13431
13434
13449
13466
13495
13515
13521
13523
13526
13549
13550
13576
13587
13601
13603
13621
13626
13631
13655
13661
13672
13716
13728
13757
13768
13774
13782
13807
13818
13821
13832
13835
13870
13876
13904
13924
13953
13985
14008
14019
14036
14039
14041
14103
14112
14147
14161
14182
14186
14212
14225
14230
14243
14281
14308
14309
14343
14344
14350
14369
14386
14437
14482
14483
14507
14551
14552
14594
14610
14639
14661
14698
14723
14726
14727
14728
14762
14789
14859
14862
14871
14884
14900
14901
14935
14982
15035
15086
15134
15160
15183
15258
15266
15279
15288
15289
15298
15353
15360
15380
15417
15434
15489
15507
15512
15518
15539
15616
15662
15697
15713
15742
15762
15763
15787
15810
15822
15856
15896
15973
16005
16080
16107
16188
16209
16212
16246
16280
16313
16321
16343
16360
16440
16446
16447
16460
16473
16477
16490
16515
16576
16583
16588
16607
16615
16624
16637
16648
16654
16659
16719
16752
16818
16898
17075
17107
17113
17133
17137
17200
17257
17325
17402
17445
17467
17591
17743
17858
17867
17869
18016
18049
18124
18165
18419
18504
18508
18553
18573
18611
18713
18726
18730
18733
18744
18779
18938
18974
18987
18994
19125
19189
19267
19305
19317
19323
19355
19410
19425
19569
19650
19737
19760
19767
19791
19807
19825
19828
19845
19865
19873
19900
19917
19921
19987
20117
20201
20233
20253
20402
20404
20581
20605
20620
20635
20653
20664
20715
20803
20818
20883
20945
20980
21242
21267
21449
21567
21568
21752
22084
22166
22240
22243
22276
22461
22607
22884
23080
23097
23197
23281
23315
23401
23477
23520
23854
23874
24076
24122
24136
24459
24828
24879
24944
25319
25709
25797
27416
27614
28160
28339
28406
28525
30421
30511
31440
32788
34188
34896
35196
35826
36453
38788
40838
45427
45633
46073
46764
50808
50888
51159
51555
52029
52045
57240
58834
61845
67052
67398
75453
76194
84758
87497
88342
92188
107195
130279
131313
147358
162461
192978
247232
267437
294178
388536
454614
508595
511778
511802
511956
511960
512070
512187
512305
512326
512347
512363
512375
512513
512514
512581
512662
512673
512841
512928
513033
513059
513133
513174
513283
513284
513433
513463
513464
513517
513520
513911
514045
514077
514126
514195
514252
514522
514853
515015
515161
515643
515675
515760
516381
516409
517458
518041
519132
519140
519144
519242
519296
519325
519328
519347
519365
519368
519371
519373
519401
519420
519531
519616
519850
519862
519909
519920
519922
519941
520002
520003
520020
520034
520039
520081
520146
520151
520188
520379
520393
520401
520466
520468
520580
520581
520590
520606
520787
520812
520817
520818
520916
521086
521099
521126
521150
521158
521323
521325
521360
521375
521409
521437
521438
521439
521490
521526
521581
521586
521687
521693
521713
521736
521758
521783
521812
521813
521814
521935
521981
522346
522405
522410
522419
522465
522715
522745
522760
522828
522857
522972
522984
522991
523043
523060
523385
523512
523528
523561
523581
523591
523624
523636
523672
523715
523786
523828
523833
523842
523860
523921
524073
524133
524164
524166
524208
524238
524521
524756
524881
524883
524893
525105
525350
525452
525777
525780
527318
527470
527577
527588
527653
529023
529293
529378
529385
529429
529456
529519
529665
529811
530190
530685
530777
530875
531273
531583
531678
531681
531768
531867
531985
532568
532655
532768
532827
532838
533064
533442
533480
533590
536345
551294
555318
555342
555383
555384
556346
556347
558793
588399
918582
374042364
