10005
10013
10021
10031
10032
10035
10039
10041
10044
10049
10057
10070
10074
10075
10079
10080
10082
10083
10084
10089
10094
10096
10097
10098
10099
10101
10103
10109
10110
10111
10115
10116
10120
10122
10126
10127
10128
10133
10134
10136
10137
10138
10139
10140
10144
10145
10147
10148
10155
10159
10167
10168
10169
10172
10173
10175
10176
10184
10185
10186
10187
10191
10193
10194
10198
10201
10202
10203
10205
10207
10208
10209
10212
10215
10217
10224
10230
10233
10238
10239
10240
10241
10243
10246
10252
10254
10262
10263
10268
10273
10285
10287
10292
10297
10299
10305
10307
10315
10319
10321
10323
10324
10325
10326
10328
10329
10332
10333
10347
10348
10353
10356
10357
10359
10363
10364
10365
10368
10369
10373
10374
10375
10376
10378
10385
10386
10390
10392
10393
10395
10396
10397
10399
10402
10404
10405
10406
10407
10408
10410
10412
10413
10420
10421
10422
10423
10429
10435
10437
10448
10453
10456
10457
10459
10461
10463
10467
10470
10472
10473
10483
10484
10486
10487
10489
10490
10491
10492
10494
10495
10497
10498
10501
10502
10507
10508
10510
10511
10513
10514
10515
10517
10519
10521
10522
10523
10524
10525
10526
10528
10529
10530
10534
10537
10539
10540
10546
10547
10553
10555
10557
10561
10563
10564
10565
10567
10568
10569
10571
10574
10583
10585
10588
10593
10594
10597
10598
10599
10602
10603
10604
10606
10609
10613
10614
10615
10617
10618
10623
10624
10628
10629
10632
10634
10635
10636
10637
10638
10641
10644
10645
10646
10647
10648
10650
10651
10653
10657
10659
10661
10666
10667
10669
10670
10673
10678
10681
10683
10684
10688
10695
10697
10698
10702
10704
10707
10708
10709
10716
10719
10720
10722
10736
10737
10742
10744
10749
10753
10756
10767
10769
10772
10773
10774
10777
10778
10780
10781
10782
10786
10788
10789
10791
10792
10794
10798
10799
10804
10806
10808
10811
10816
10820
10826
10828
10830
10831
10835
10847
10855
10857
10864
10866
10867
10871
10872
10874
10875
10877
10878
10879
10881
10883
10887
10889
10897
10898
10900
10902
10904
10905
10906
10910
10916
10917
10918
10919
10925
10926
10929
10934
10935
10937
10940
10941
10942
10943
10944
10946
10948
10949
10956
10960
10961
10962
10963
10964
10969
10973
10977
10978
10980
10983
10986
10987
10988
10992
10993
10995
10996
10998
10999
11001
11004
11005
11007
11008
11012
11016
11017
11018
11022
11023
11025
11026
11030
11032
11038
11042
11043
11047
11050
11053
11054
11056
11058
11061
11080
11082
11083
11091
11092
11093
11099
11101
11105
11108
11110
11112
11115
11118
11119
11123
11125
11126
11128
11135
11141
11142
11143
11145
11147
11148
11152
11154
11166
11170
11174
11176
11178
11181
11184
11186
11190
11191
11192
11194
11195
11196
11197
11199
11207
11208
11210
11213
11216
11218
11220
11224
11226
11227
11228
11229
11231
11236
11237
11240
11244
11248
11249
11250
11252
11253
11255
11262
11263
11268
11271
11272
11278
11279
11280
11281
11283
11286
11287
11289
11292
11294
11303
11305
11306
11307
11308
11311
11313
11315
11317
11318
11320
11323
11324
11325
11326
11327
11329
11330
11331
11333
11336
11338
11340
11341
11342
11343
11345
11349
11351
11353
11355
11357
11359
11361
11362
11363
11366
11367
11370
11371
11376
11377
11379
11381
11386
11387
11388
11389
11390
11395
11397
11398
11399
11400
11402
11405
11407
11409
11413
11414
11415
11419
11423
11426
11428
11429
11432
11433
11437
11439
11440
11445
11447
11449
11452
11455
11457
11460
11462
11467
11468
11469
11470
11471
11472
11476
11477
11478
11484
11488
11489
11490
11492
11495
11496
11497
11499
11501
11503
11504
11506
11507
11509
11511
11512
11514
11515
11517
11518
11519
11521
11523
11525
11526
11528
11530
11531
11532
11535
11536
11537
11538
11542
11543
11546
11549
11555
11556
11557
11560
11561
11564
11566
11567
11569
11570
11571
11572
11580
11582
11583
11584
11587
11588
11592
11594
11599
11601
11603
11606
11607
11608
11618
11619
11620
11622
11624
11626
11630
11631
11634
11636
11637
11640
11644
11645
11646
11648
11649
11650
11651
11652
11654
11656
11659
11664
11666
11667
11673
11675
11677
11678
11679
11680
11681
11682
11688
11691
11695
11697
11698
11700
11701
11703
11705
11708
11710
11711
11712
11714
11719
11720
11721
11722
11723
11725
11727
11732
11734
11736
11740
11741
11744
11749
11752
11754
11758
11761
11762
11764
11768
11772
11774
11776
11779
11780
11782
11783
11785
11787
11788
11789
11791
11792
11798
11799
11801
11804
11805
11808
11813
11815
11816
11817
11819
11823
11824
11826
11828
11829
11831
11832
11833
11834
11835
11837
11840
11841
11844
11848
11850
11854
11860
11863
11864
11870
11873
11874
11877
11878
11882
11883
11884
11886
11892
11893
11895
11896
11898
11900
11902
11903
11904
11909
11914
11915
11920
11921
11922
11923
11924
11927
11928
11929
11930
11932
11933
11935
11936
11937
11938
11941
11942
11945
11950
11952
11954
11956
11958
11959
11962
11963
11964
11969
11971
11974
11975
11980
11982
11985
11987
11988
11989
11990
11991
11992
11993
11994
11996
11997
12001
12002
12003
12005
12008
12009
12012
12015
12018
12020
12023
12026
12031
12033
12036
12037
12041
12049
12050
12051
12053
12056
12057
12058
12061
12063
12064
12071
12073
12074
12079
12081
12083
12084
12086
12090
12093
12101
12106
12107
12108
12109
12110
12111
12120
12121
12122
12123
12124
12125
12128
12129
12137
12138
12144
12148
12152
12153
12156
12157
12160
12161
12162
12163
12164
12166
12167
12171
12176
12178
12181
12183
12184
12185
12186
12187
12191
12194
12197
12203
12205
12206
12208
12215
12216
12220
12221
12229
12230
12231
12232
12233
12241
12243
12247
12248
12250
12251
12252
12255
12257
12258
12259
12261
12262
12263
12268
12271
12273
12275
12276
12278
12281
12282
12283
12285
12287
12288
12289
12290
12292
12293
12296
12297
12298
12308
12309
12310
12311
12312
12313
12314
12315
12317
12319
12320
12321
12322
12323
12324
12326
12327
12332
12333
12334
12337
12338
12340
12341
12343
12344
12347
12351
12353
12354
12357
12358
12360
12361
12363
12366
12367
12368
12371
12373
12376
12379
12380
12387
12388
12390
12391
12395
12396
12399
12402
12404
12408
12410
12411
12417
12418
12419
12423
12425
12426
12427
12429
12430
12431
12432
12433
12434
12437
12442
12444
12448
12449
12452
12454
12455
12459
12460
12462
12464
12471
12474
12476
12477
12479
12488
12489
12491
12498
12499
12503
12506
12507
12508
12509
12511
12515
12518
12519
12522
12524
12525
12526
12529
12530
12531
12534
12535
12541
12542
12543
12547
12551
12552
12556
12557
12560
12561
12562
12563
12564
12565
12567
12568
12569
12570
12571
12572
12573
12576
12580
12582
12585
12588
12589
12592
12593
12594
12599
12600
12602
12603
12605
12606
12608
12612
12615
12616
12617
12625
12627
12633
12636
12644
12645
12649
12650
12651
12652
12653
12654
12656
12660
12664
12667
12668
12674
12676
12681
12682
12685
12689
12690
12691
12692
12693
12698
12702
12703
12706
12708
12711
12717
12721
12723
12724
12726
12728
12729
12731
12732
12733
12735
12747
12751
12755
12756
12757
12758
12761
12763
12765
12766
12769
12773
12776
12777
12778
12780
12782
12784
12789
12791
12793
12795
12796
12797
12798
12800
12802
12806
12807
12808
12809
12811
12815
12816
12819
12826
12829
12830
12832
12834
12837
12838
12840
12841
12842
12844
12848
12851
12852
12854
12856
12857
12858
12859
12866
12870
12873
12878
12882
12887
12889
12890
12891
12893
12896
12899
12900
12902
12903
12904
12905
12908
12909
12910
12916
12919
12920
12922
12923
12929
12930
12932
12934
12935
12936
12937
12938
12940
12942
12943
12946
12947
12948
12949
12951
12952
12953
12954
12955
12958
12959
12962
12963
12964
12965
12974
12975
12977
12980
12981
12983
12984
12985
12988
12989
12990
12993
12994
12997
13001
13004
13005
13007
13009
13010
13011
13013
13016
13018
13020
13024
13025
13027
13028
13029
13031
13033
13035
13036
13037
13038
13043
13044
13048
13049
13050
13058
13059
13062
13064
13066
13067
13068
13069
13070
13071
13073
13075
13078
13080
13082
13084
13085
13088
13089
13094
13095
13098
13101
13103
13108
13109
13111
13115
13116
13118
13119
13121
13122
13123
13125
13127
13129
13131
13134
13136
13138
13142
13143
13144
13146
13147
13148
13150
13153
13154
13157
13158
13159
13160
13161
13162
13167
13168
13171
13172
13177
13179
13182
13183
13184
13194
13198
13200
13201
13207
13208
13209
13215
13217
13219
13220
13221
13222
13225
13226
13228
13230
13232
13233
13235
13237
13238
13240
13241
13242
13244
13247
13251
13252
13255
13256
13259
13261
13263
13264
13266
13270
13271
13272
13273
13274
13280
13283
13284
13286
13288
13289
13290
13291
13294
13296
13299
13300
13301
13302
13303
13305
13307
13309
13312
13314
13315
13316
13323
13324
13327
13329
13334
13335
13336
13340
13342
13344
13345
13349
13351
13353
13354
13355
13356
13357
13358
13360
13365
13367
13369
13371
13374
13375
13379
13382
13384
13385
13386
13388
13389
13392
13393
13394
13395
13397
13398
13400
13401
13404
13415
13417
13418
13419
13420
13423
13425
13427
13428
13430
13431
13433
13434
13435
13436
13438
13441
13449
13450
13454
13458
13460
13463
13464
13466
13467
13468
13470
13472
13474
13479
13480
13481
13483
13488
13490
13495
13498
13500
13501
13510
13515
13519
13520
13521
13523
13526
13528
13529
13537
13540
13542
13543
13544
13549
13550
13554
13556
13559
13560
13561
13562
13563
13572
13573
13576
13582
13583
13584
13587
13595
13596
13597
13598
13601
13603
13607
13608
13610
13613
13614
13616
13621
13626
13631
13637
13642
13644
13646
13648
13650
13651
13653
13654
13655
13658
13661
13662
13664
13665
13666
13668
13669
13672
13683
13684
13686
13692
13694
13698
13704
13705
13707
13709
13710
13711
13713
13715
13716
13719
13723
13724
13725
13728
13732
13737
13738
13741
13746
13747
13750
13751
13753
13755
13757
13760
13761
13762
13767
13768
13770
13772
13773
13774
13775
13778
13782
13783
13789
13790
13794
13798
13799
13807
13809
13811
13814
13816
13818
13819
13821
13822
13823
13824
13825
13831
13832
13835
13839
13843
13851
13860
13861
13863
13864
13865
13868
13870
13871
13872
13876
13877
13880
13886
13887
13889
13890
13892
13894
13898
13899
13904
13906
13913
13919
13920
13921
13924
13930
13932
13934
13935
13936
13937
13940
13942
13944
13945
13947
13951
13953
13954
13956
13959
13960
13961
13966
13968
13972
13975
13983
13985
13986
13987
13991
13993
13995
13998
13999
14000
14003
14008
14011
14017
14019
14022
14025
14033
14036
14039
14040
14041
14042
14043
14050
14051
14059
14061
14064
14065
14066
14071
14072
14074
14076
14084
14086
14092
14093
14094
14099
14100
14103
14111
14112
14120
14122
14123
14130
14131
14133
14137
14138
14139
14146
14147
14149
14150
14155
14156
14158
14160
14161
14165
14168
14169
14171
14173
14174
14175
14182
14183
14186
14188
14190
14192
14202
14203
14204
14205
14208
14210
14212
14219
14221
14222
14223
14225
14226
14229
14230
14231
14235
14243
14250
14254
14256
14257
14259
14261
14267
14268
14270
14272
14275
14276
14277
14279
14281
14282
14283
14287
14289
14290
14291
14294
14296
14301
14303
14308
14309
14310
14311
14316
14319
14321
14323
14324
14333
14336
14338
14339
14340
14343
14344
14346
14350
14352
14356
14365
14369
14372
14373
14381
14382
14385
14386
14391
14394
14397
14400
14402
14403
14407
14408
14411
14412
14415
14418
14419
14420
14423
14424
14427
14430
14434
14435
14437
14438
14439
14441
14442
14444
14461
14463
14464
14470
14472
14477
14482
14483
14492
14493
14497
14500
14503
14505
14506
14507
14508
14509
14510
14513
14514
14518
14523
14530
14533
14538
14540
14541
14543
14548
14551
14552
14559
14565
14572
14573
14575
14583
14593
14594
14597
14605
14606
14607
14608
14609
14610
14611
14612
14616
14619
14620
14621
14623
14625
14637
14639
14640
14651
14652
14655
14657
14658
14659
14661
14662
14664
14665
14667
14670
14672
14674
14675
14677
14681
14683
14684
14685
14687
14688
14692
14693
14694
14695
14698
14699
14701
14705
14708
14710
14712
14714
14715
14717
14718
14719
14721
14722
14723
14724
14725
14726
14727
14728
14729
14730
14736
14737
14741
14744
14746
14755
14756
14761
14762
14764
14765
14766
14769
14771
14773
14782
14784
14785
14786
14787
14789
14799
14802
14803
14806
14813
14816
14821
14825
14830
14831
14839
14840
14843
14849
14850
14852
14853
14856
14859
14861
14862
14869
14871
14874
14880
14884
14893
14894
14895
14896
14897
14900
14901
14905
14906
14908
14911
14916
14918
14925
14926
14928
14930
14932
14935
14937
14944
14946
14951
14953
14954
14955
14956
14957
14958
14959
14961
14962
14966
14974
14975
14981
14982
14985
14986
14987
14988
14992
14993
14996
15001
15003
15005
15009
15026
15030
15031
15035
15036
15037
15038
15039
15040
15051
15052
15059
15061
15068
15077
15078
15079
15083
15084
15086
15090
15099
15101
15106
15108
15114
15117
15118
15124
15126
15134
15137
15138
15139
15142
15145
15146
15147
15149
15151
15158
15160
15164
15169
15173
15176
15178
15183
15184
15185
15187
15193
15196
15197
15198
15199
15202
15204
15208
15209
15210
15212
15220
15224
15225
15228
15232
15235
15236
15239
15240
15241
15244
15247
15251
15252
15258
15259
15266
15269
15271
15273
15275
15278
15279
15283
15285
15288
15289
15295
15296
15297
15298
15299
15300
15302
15310
15311
15313
15314
15315
15316
15318
15320
15321
15323
15324
15325
15329
15331
15332
15342
15345
15351
15353
15358
15360
15361
15362
15376
15379
15380
15383
15384
15386
15391
15393
15398
15399
15401
15403
15405
15406
15408
15409
15414
15417
15421
15424
15425
15426
15429
15431
15433
15434
15437
15441
15444
15449
15463
15464
15467
15469
15473
15475
15476
15489
15490
15493
15495
15498
15501
15506
15507
15512
15513
15517
15518
15520
15522
15523
15531
15532
15535
15536
15539
15542
15545
15547
15549
15557
15561
15563
15566
15567
15570
15577
15578
15582
15583
15592
15594
15598
15602
15604
15605
15611
15612
15613
15614
15615
15616
15622
15623
15624
15633
15634
15638
15646
15654
15655
15659
15660
15662
15663
15669
15676
15678
15682
15689
15691
15693
15694
15696
15697
15699
15701
15704
15708
15709
15712
15713
15717
15718
15721
15724
15725
15729
15730
15731
15734
15735
15739
15742
15744
15753
15754
15756
15762
15763
15766
15768
15774
15777
15782
15784
15785
15787
15789
15792
15794
15795
15802
15805
15807
15809
15810
15815
15817
15822
15823
15831
15837
15839
15842
15848
15851
15852
15855
15856
15861
15864
15866
15871
15874
15876
15878
15887
15888
15896
15897
15898
15903
15904
15905
15907
15912
15915
15919
15920
15922
15924
15926
15927
15929
15937
15947
15955
15957
15961
15962
15965
15966
15970
15972
15973
15980
15982
15985
15990
15992
15994
15996
15999
16000
16003
16005
16014
16015
16022
16024
16025
16029
16030
16031
16032
16037
16042
16047
16048
16049
16051
16057
16058
16062
16071
16072
16074
16077
16080
16083
16084
16087
16088
16089
16091
16093
16096
16097
16099
16100
16104
16105
16107
16108
16109
16110
16111
16124
16126
16127
16131
16135
16141
16145
16151
16158
16159
16160
16162
16167
16168
16169
16175
16178
16180
16181
16187
16188
16193
16198
16199
16201
16206
16207
16209
16212
16214
16215
16216
16222
16232
16233
16234
16235
16246
16249
16251
16258
16259
16262
16263
16264
16267
16269
16272
16274
16275
16276
16280
16285
16288
16292
16298
16300
16303
16309
16311
16312
16313
16315
16317
16319
16321
16322
16327
16328
16334
16335
16343
16348
16360
16362
16363
16364
16370
16371
16374
16376
16380
16382
16385
16392
16397
16404
16409
16411
16412
16416
16417
16418
16422
16426
16427
16430
16433
16436
16437
16440
16441
16445
16446
16447
16449
16452
16454
16456
16460
16464
16472
16473
16476
16477
16479
16481
16482
16483
16490
16493
16494
16495
16502
16504
16507
16508
16511
16513
16515
16517
16518
16524
16526
16527
16529
16531
16534
16537
16540
16541
16543
16546
16548
16550
16551
16553
16559
16562
16566
16571
16575
16576
16577
16578
16579
16580
16582
16583
16586
16588
16589
16592
16595
16598
16607
16610
16612
16615
16617
16620
16624
16629
16630
16631
16632
16636
16637
16642
16644
16646
16647
16648
16649
16650
16651
16654
16656
16659
16665
16668
16669
16671
16690
16693
16695
16700
16705
16706
16707
16710
16715
16718
16719
16721
16722
16725
16733
16734
16735
16736
16738
16740
16744
16752
16756
16762
16763
16767
16769
16781
16783
16785
16789
16793
16796
16801
16803
16804
16805
16815
16816
16818
16822
16832
16834
16843
16853
16855
16857
16862
16869
16870
16874
16881
16887
16888
16898
16902
16903
16904
16906
16908
16910
16912
16919
16921
16925
16927
16928
16929
16930
16933
16937
16941
16944
16946
16953
16960
16961
16968
16969
16973
16974
16978
16985
16986
16990
16995
16997
17000
17001
17008
17012
17014
17016
17017
17021
17024
17027
17034
17035
17036
17041
17043
17044
17046
17048
17051
17052
17055
17056
17061
17064
17065
17066
17067
17069
17072
17075
17082
17083
17088
17089
17090
17098
17100
17105
17107
17112
17113
17114
17116
17121
17126
17128
17130
17131
17133
17137
17140
17142
17143
17150
17152
17153
17155
17156
17157
17159
17161
17162
17165
17170
17174
17175
17177
17184
17190
17192
17193
17194
17195
17200
17201
17208
17212
17213
17215
17220
17221
17233
17234
17237
17238
17241
17251
17254
17257
17258
17268
17277
17278
17279
17282
17286
17288
17290
17291
17293
17296
17303
17308
17316
17319
17323
17325
17334
17337
17341
17342
17349
17350
17352
17356
17357
17371
17374
17379
17383
17387
17388
17389
17392
17396
17397
17400
17402
17407
17410
17412
17417
17419
17420
17421
17426
17433
17434
17436
17438
17441
17442
17445
17451
17453
17454
17459
17461
17467
17469
17470
17477
17480
17484
17487
17491
17493
17499
17500
17501
17517
17520
17527
17530
17531
17539
17540
17542
17546
17550
17556
17558
17560
17561
17562
17564
17568
17569
17570
17571
17573
17577
17579
17584
17589
17590
17591
17602
17604
17609
17613
17614
17616
17618
17631
17633
17639
17642
17645
17650
17652
17654
17665
17667
17678
17679
17681
17685
17689
17690
17691
17698
17701
17702
17706
17708
17711
17712
17716
17717
17719
17723
17726
17728
17732
17735
17736
17738
17743
17744
17747
17748
17749
17751
17752
17753
17759
17760
17763
17764
17767
17769
17770
17778
17780
17782
17784
17787
17796
17801
17802
17803
17804
17805
17808
17810
17811
17812
17815
17816
17818
17820
17821
17835
17837
17839
17841
17842
17846
17850
17851
17852
17858
17862
17867
17869
17874
17878
17882
17889
17898
17899
17900
17904
17907
17909
17910
17912
17918
17920
17921
17935
17940
17946
17949
17956
17958
17959
17963
17965
17968
17971
17979
17980
17988
17989
17991
17994
17998
18002
18005
18007
18011
18013
18015
18016
18017
18019
18023
18026
18028
18034
18035
18037
18038
18041
18044
18046
18047
18049
18058
18062
18065
18066
18068
18070
18074
18075
18081
18082
18083
18084
18086
18087
18093
18097
18100
18102
18108
18109
18111
18113
18116
18121
18124
18128
18133
18135
18138
18139
18142
18146
18148
18149
18152
18156
18160
18165
18167
18168
18170
18172
18173
18181
18182
18185
18186
18187
18190
18193
18195
18203
18204
18208
18211
18217
18219
18221
18235
18237
18238
18242
18249
18253
18257
18260
18263
18264
18267
18268
18275
18276
18277
18285
18288
18292
18296
18297
18303
18309
18327
18328
18331
18332
18333
18334
18335
18337
18339
18341
18349
18354
18360
18364
18369
18374
18377
18378
18382
18387
18388
18403
18406
18408
18416
18417
18419
18422
18425
18426
18427
18433
18444
18446
18460
18463
18465
18469
18471
18473
18474
18479
18480
18493
18494
18504
18508
18512
18522
18536
18538
18540
18546
18553
18554
18555
18561
18563
18569
18573
18574
18575
18582
18583
18586
18591
18596
18597
18599
18604
18608
18611
18612
18617
18620
18621
18634
18637
18639
18648
18649
18651
18660
18663
18664
18666
18670
18674
18678
18684
18687
18695
18697
18698
18699
18702
18704
18705
18708
18709
18713
18716
18717
18720
18723
18724
18726
18730
18731
18732
18733
18739
18744
18745
18749
18751
18752
18754
18760
18768
18769
18770
18777
18778
18779
18783
18792
18795
18796
18800
18802
18803
18810
18815
18817
18820
18823
18824
18825
18826
18830
18831
18834
18838
18841
18843
18844
18849
18850
18851
18853
18854
18859
18861
18864
18866
18867
18871
18874
18875
18876
18880
18882
18884
18885
18889
18890
18894
18899
18903
18905
18907
18909
18911
18912
18913
18921
18924
18925
18926
18928
18932
18934
18935
18937
18938
18939
18941
18955
18956
18959
18960
18968
18969
18974
18981
18982
18987
18988
18989
18990
18994
18998
18999
19007
19009
19012
19013
19014
19015
19016
19018
19020
19024
19025
19026
19031
19032
19033
19035
19036
19037
19040
19041
19042
19044
19048
19051
19052
19053
19055
19058
19059
19064
19065
19066
19073
19077
19079
19080
19085
19088
19089
19091
19095
19100
19105
19107
19109
19112
19118
19121
19125
19127
19128
19135
19136
19139
19143
19152
19161
19163
19169
19170
19171
19183
19185
19189
19192
19199
19200
19205
19207
19209
19211
19212
19222
19223
19231
19234
19235
19236
19251
19254
19255
19256
19257
19258
19266
19267
19273
19274
19275
19281
19283
19287
19290
19296
19300
19305
19306
19308
19309
19313
19314
19316
19317
19319
19323
19330
19336
19338
19341
19349
19352
19355
19356
19358
19359
19364
19368
19371
19373
19375
19380
19385
19386
19387
19390
19391
19392
19405
19406
19410
19413
19414
19415
19417
19425
19432
19434
19436
19442
19443
19445
19460
19463
19467
19469
19473
19487
19488
19493
19496
19497
19498
19502
19508
19519
19523
19541
19544
19554
19558
19565
19566
19567
19569
19572
19579
19585
19592
19594
19598
19600
19602
19606
19615
19616
19617
19620
19621
19624
19626
19636
19639
19640
19641
19649
19650
19658
19660
19665
19666
19668
19672
19681
19686
19687
19692
19694
19695
19696
19701
19705
19706
19708
19710
19711
19715
19716
19720
19721
19724
19727
19736
19737
19743
19748
19751
19754
19756
19760
19761
19767
19769
19776
19781
19784
19791
19792
19798
19803
19807
19816
19817
19818
19821
19822
19825
19826
19828
19831
19836
19838
19845
19856
19857
19858
19864
19865
19869
19873
19881
19882
19894
19895
19899
19900
19902
19910
19912
19917
19920
19921
19926
19931
19935
19938
19948
19949
19951
19953
19955
19957
19959
19968
19977
19984
19987
19990
19993
19995
19996
19998
19999
20001
20006
20007
20020
20028
20033
20037
20042
20043
20044
20050
20052
20055
20058
20063
20064
20076
20077
20080
20097
20098
20099
20100
20104
20110
20113
20116
20117
20119
20123
20130
20132
20136
20137
20138
20141
20147
20148
20157
20163
20168
20178
20180
20187
20193
20197
20199
20200
20201
20223
20224
20229
20231
20233
20235
20239
20247
20249
20251
20253
20254
20255
20270
20272
20275
20280
20281
20287
20290
20291
20293
20296
20302
20307
20308
20311
20312
20317
20324
20326
20327
20331
20332
20335
20337
20338
20347
20351
20353
20359
20360
20365
20373
20376
20380
20381
20385
20387
20390
20392
20397
20402
20404
20421
20422
20425
20435
20442
20445
20446
20448
20449
20451
20454
20457
20459
20461
20462
20463
20469
20482
20488
20490
20492
20498
20500
20509
20510
20511
20512
20514
20517
20520
20521
20540
20551
20554
20556
20559
20560
20563
20564
20565
20568
20573
20574
20576
20580
20581
20590
20592
20596
20597
20602
20603
20605
20610
20611
20613
20615
20616
20620
20621
20624
20625
20631
20633
20635
20640
20647
20649
20650
20653
20654
20657
20658
20661
20664
20666
20667
20670
20674
20676
20677
20678
20685
20692
20697
20705
20706
20707
20709
20715
20721
20723
20725
20728
20730
20731
20739
20740
20741
20748
20751
20755
20757
20762
20768
20772
20776
20779
20792
20795
20798
20803
20804
20811
20814
20815
20818
20819
20823
20824
20826
20828
20834
20835
20836
20847
20851
20867
20875
20879
20881
20882
20883
20885
20889
20893
20899
20905
20906
20910
20911
20912
20922
20925
20929
20930
20936
20938
20945
20951
20958
20960
20961
20980
20984
20986
20989
20991
20998
21007
21018
21026
21033
21048
21053
21054
21056
21057
21059
21060
21067
21070
21073
21075
21076
21086
21088
21090
21093
21098
21099
21109
21115
21125
21132
21135
21136
21137
21142
21145
21160
21166
21174
21175
21176
21179
21181
21190
21192
21200
21201
21203
21204
21208
21212
21213
21224
21227
21230
21237
21242
21244
21247
21248
21250
21251
21258
21261
21263
21264
21267
21269
21272
21275
21276
21277
21279
21283
21285
21288
21290
21291
21297
21301
21308
21323
21324
21333
21335
21339
21340
21342
21345
21351
21353
21363
21369
21371
21372
21375
21378
21380
21382
21383
21387
21390
21391
21392
21397
21400
21404
21407
21408
21409
21413
21417
21431
21433
21437
21443
21447
21449
21454
21464
21465
21466
21472
21474
21478
21506
21507
21508
21515
21519
21522
21523
21525
21526
21528
21531
21532
21534
21537
21538
21542
21545
21547
21548
21556
21561
21567
21568
21573
21576
21583
21586
21587
21591
21599
21600
21605
21606
21609
21613
21621
21623
21628
21637
21640
21645
21647
21650
21661
21663
21664
21670
21678
21688
21691
21692
21696
21700
21701
21709
21711
21719
21726
21733
21739
21740
21751
21752
21753
21767
21771
21772
21790
21792
21795
21798
21799
21809
21814
21817
21822
21823
21826
21833
21834
21836
21837
21842
21843
21848
21849
21859
21860
21865
21876
21880
21881
21882
21885
21889
21891
21898
21902
21907
21910
21911
21919
21923
21932
21938
21939
21946
21948
21951
21956
21957
21963
21997
22002
22008
22020
22039
22040
22041
22045
22055
22066
22071
22072
22077
22083
22084
22086
22092
22093
22096
22101
22106
22109
22111
22113
22114
22121
22124
22125
22126
22127
22137
22146
22166
22169
22173
22185
22188
22191
22197
22205
22206
22207
22226
22228
22231
22240
22243
22251
22256
22263
22266
22275
22276
22278
22281
22282
22291
22294
22301
22302
22323
22336
22338
22340
22343
22346
22350
22357
22361
22365
22372
22373
22386
22388
22399
22405
22406
22408
22410
22417
22418
22421
22442
22443
22445
22446
22452
22457
22458
22461
22467
22471
22473
22482
22494
22495
22496
22504
22508
22513
22515
22521
22523
22524
22527
22530
22535
22536
22548
22549
22552
22554
22562
22569
22573
22574
22575
22578
22592
22605
22606
22607
22609
22620
22621
22623
22629
22633
22637
22639
22644
22654
22658
22661
22671
22676
22683
22690
22695
22697
22698
22700
22705
22711
22714
22717
22720
22721
22722
22723
22725
22730
22733
22736
22747
22752
22755
22756
22765
22766
22767
22768
22776
22777
22778
22781
22784
22787
22791
22793
22797
22798
22802
22807
22808
22815
22818
22822
22824
22828
22833
22835
22838
22839
22841
22843
22848
22852
22855
22856
22866
22869
22870
22872
22881
22884
22891
22894
22899
22908
22910
22917
22923
22926
22928
22932
22937
22941
22955
22963
22983
23009
23010
23012
23017
23028
23029
23034
23039
23043
23065
23076
23080
23090
23096
23097
23112
23113
23119
23132
23137
23141
23151
23152
23158
23159
23163
23165
23167
23174
23192
23193
23194
23197
23198
23200
23203
23204
23212
23215
23223
23230
23231
23232
23240
23241
23244
23256
23259
23261
23267
23270
23273
23281
23286
23299
23308
23310
23312
23315
23324
23326
23339
23343
23352
23357
23365
23379
23387
23391
23393
23397
23398
23399
23401
23403
23405
23406
23418
23426
23432
23439
23441
23445
23446
23469
23473
23474
23477
23479
23482
23496
23500
23504
23505
23512
23517
23520
23524
23527
23531
23533
23535
23542
23544
23546
23555
23556
23558
23563
23570
23594
23596
23598
23601
23602
23615
23619
23630
23634
23651
23654
23659
23661
23668
23673
23680
23695
23698
23703
23704
23710
23717
23730
23733
23742
23743
23752
23758
23760
23771
23775
23787
23789
23790
23794
23796
23800
23807
23808
23812
23827
23831
23835
23840
23846
23850
23851
23854
23859
23866
23874
23881
23883
23896
23898
23903
23920
23924
23932
23939
23944
23945
23947
23952
23956
23958
23968
23969
23970
23973
23988
23991
23994
24000
24004
24006
24010
24016
24019
24024
24030
24031
24042
24056
24060
24064
24065
24067
24070
24072
24076
24088
24093
24098
24104
24107
24119
24122
24123
24125
24134
24136
24148
24151
24163
24169
24192
24198
24202
24206
24214
24221
24225
24243
24245
24250
24287
24291
24294
24300
24301
24302
24306
24312
24313
24317
24321
24324
24329
24342
24349
24352
24356
24364
24372
24378
24382
24387
24388
24389
24391
24394
24396
24399
24400
24403
24406
24410
24411
24436
24441
24450
24459
24468
24485
24486
24489
24495
24496
24502
24504
24506
24509
24518
24521
24525
24537
24538
24546
24548
24549
24552
24561
24576
24583
24588
24594
24595
24596
24597
24606
24611
24613
24620
24623
24633
24635
24637
24640
24641
24646
24656
24679
24687
24688
24693
24697
24698
24702
24703
24708
24709
24711
24712
24713
24717
24721
24724
24727
24731
24732
24737
24749
24750
24757
24760
24761
24771
24780
24783
24787
24804
24821
24825
24828
24829
24830
24841
24856
24861
24865
24866
24869
24875
24876
24878
24879
24892
24893
24894
24901
24904
24906
24930
24933
24935
24936
24938
24944
24950
24960
24969
24971
24972
24977
24979
24980
24981
24985
24993
24995
25004
25007
25018
25025
25030
25035
25037
25039
25043
25053
25054
25058
25075
25081
25085
25089
25093
25099
25100
25104
25106
25110
25112
25121
25131
25145
25161
25166
25184
25195
25203
25204
25206
25210
25225
25236
25254
25255
25275
25278
25288
25292
25297
25301
25312
25318
25319
25324
25326
25328
25329
25333
25334
25345
25348
25349
25352
25353
25354
25359
25361
25363
25371
25376
25377
25384
25385
25390
25396
25414
25422
25434
25439
25440
25447
25456
25473
25477
25478
25481
25483
25492
25494
25501
25503
25509
25512
25513
25521
25526
25529
25530
25532
25534
25538
25542
25549
25552
25554
25557
25560
25568
25576
25593
25597
25600
25608
25615
25631
25635
25638
25644
25649
25650
25652
25668
25674
25688
25690
25701
25709
25713
25719
25722
25724
25740
25744
25746
25754
25763
25771
25780
25786
25789
25790
25792
25793
25796
25797
25798
25808
25823
25826
25828
25829
25834
25838
25839
25841
25849
25856
25860
25868
25872
25877
25894
25910
25912
25919
25955
25962
25963
25967
25970
25975
25977
25978
25982
25992
25997
26005
26014
26020
26021
26027
26038
26039
26060
26065
26071
26084
26092
26095
26102
26109
26118
26120
26122
26130
26136
26153
26165
26198
26206
26208
26214
26215
26222
26223
26228
26238
26239
26248
26255
26256
26257
26263
26277
26283
26287
26292
26294
26295
26300
26302
26305
26307
26314
26316
26322
26324
26325
26329
26331
26342
26343
26344
26353
26367
26378
26387
26390
26394
26417
26419
26420
26430
26432
26436
26439
26443
26451
26460
26462
26469
26472
26481
26485
26488
26497
26503
26541
26543
26544
26548
26551
26577
26582
26585
26600
26602
26620
26621
26641
26650
26659
26665
26666
26673
26676
26684
26704
26711
26715
26718
26720
26722
26739
26741
26746
26749
26764
26766
26775
26785
26791
26794
26798
26821
26822
26826
26829
26833
26841
26843
26845
26848
26853
26872
26893
26901
26908
26911
26913
26922
26926
26930
26938
26939
26940
26946
26952
26953
26962
26972
26974
26981
26987
26989
26993
27010
27013
27019
27024
27025
27037
27043
27051
27052
27059
27072
27077
27084
27103
27108
27109
27117
27119
27125
27132
27147
27149
27151
27155
27161
27181
27186
27195
27203
27210
27213
27216
27218
27225
27239
27246
27250
27269
27274
27280
27281
27284
27296
27297
27315
27316
27319
27323
27325
27326
27328
27329
27331
27337
27340
27341
27348
27368
27372
27379
27380
27393
27403
27413
27416
27422
27430
27441
27444
27454
27457
27459
27460
27467
27482
27492
27493
27496
27503
27507
27511
27512
27516
27522
27534
27545
27585
27594
27605
27612
27614
27618
27638
27645
27655
27658
27668
27690
27697
27713
27721
27722
27725
27736
27756
27767
27770
27774
27775
27779
27802
27805
27806
27821
27827
27832
27839
27850
27864
27869
27870
27878
27887
27890
27893
27903
27904
27911
27918
27921
27926
27961
27975
27977
27995
28005
28010
28013
28016
28019
28022
28024
28038
28043
28066
28068
28074
28092
28094
28097
28107
28109
28110
28114
28123
28136
28139
28144
28146
28147
28154
28159
28160
28174
28179
28186
28196
28203
28209
28223
28224
28231
28234
28236
28257
28258
28266
28286
28290
28293
28302
28312
28339
28341
28343
28364
28365
28380
28392
28397
28402
28406
28407
28418
28427
28430
28438
28456
28482
28489
28509
28516
28520
28525
28526
28535
28544
28564
28575
28585
28588
28598
28610
28611
28613
28622
28627
28636
28640
28641
28648
28666
28675
28680
28685
28690
28691
28701
28708
28724
28728
28735
28743
28755
28791
28801
28803
28806
28812
28813
28834
28849
28855
28891
28900
28909
28943
28951
28959
28968
28972
28978
28991
28995
29004
29021
29022
29035
29043
29045
29046
29057
29063
29073
29080
29091
29135
29143
29144
29150
29152
29156
29166
29169
29176
29177
29179
29210
29214
29217
29225
29226
29232
29241
29253
29260
29261
29266
29272
29280
29283
29284
29286
29291
29295
29332
29333
29336
29339
29343
29355
29356
29364
29371
29373
29387
29388
29404
29416
29418
29419
29420
29445
29462
29466
29481
29483
29521
29536
29537
29543
29545
29552
29560
29575
29577
29582
29583
29614
29621
29624
29632
29655
29659
29663
29666
29674
29684
29701
29711
29713
29715
29721
29729
29737
29745
29750
29758
29759
29764
29765
29767
29773
29785
29791
29795
29799
29806
29811
29817
29826
29836
29842
29858
29860
29885
29921
29939
29973
29984
29988
29992
29994
30003
30005
30021
30029
30039
30046
30061
30065
30068
30096
30116
30122
30137
30148
30169
30171
30175
30178
30181
30189
30194
30225
30234
30243
30253
30260
30261
30271
30273
30280
30282
30288
30310
30327
30329
30343
30347
30357
30371
30391
30395
30398
30401
30402
30421
30424
30437
30443
30455
30463
30486
30493
30494
30511
30519
30520
30522
30541
30546
30590
30592
30603
30613
30630
30650
30651
30652
30674
30678
30687
30691
30698
30699
30703
30716
30718
30752
30781
30786
30805
30806
30807
30808
30812
30830
30852
30859
30864
30881
30906
30920
30927
30943
30947
30968
30977
30981
30992
31016
31018
31022
31030
31031
31035
31051
31068
31073
31083
31088
31089
31093
31104
31117
31119
31121
31124
31147
31157
31158
31168
31196
31206
31209
31246
31247
31253
31263
31291
31305
31309
31330
31331
31348
31376
31386
31388
31406
31412
31424
31438
31440
31446
31448
31451
31468
31488
31509
31525
31541
31576
31588
31591
31596
31624
31627
31656
31681
31684
31690
31697
31700
31721
31724
31733
31735
31750
31753
31756
31759
31777
31786
31800
31802
31821
31827
31835
31839
31860
31869
31901
31904
31911
31915
31918
31921
31953
31970
32032
32055
32079
32102
32122
32129
32140
32150
32156
32165
32186
32190
32230
32247
32250
32258
32283
32304
32306
32315
32321
32342
32344
32354
32362
32364
32381
32382
32386
32396
32398
32412
32426
32431
32432
32434
32437
32439
32441
32451
32461
32482
32510
32521
32545
32572
32589
32621
32648
32654
32655
32667
32675
32679
32687
32699
32702
32708
32718
32741
32743
32752
32784
32788
32805
32810
32818
32824
32835
32848
32855
32862
32864
32885
32890
32911
32914
32924
32950
32958
33009
33011
33014
33033
33035
33038
33041
33047
33050
33060
33063
33075
33086
33119
33121
33125
33138
33147
33156
33162
33189
33191
33229
33257
33258
33289
33293
33298
33301
33318
33325
33340
33356
33368
33382
33390
33393
33398
33410
33411
33474
33503
33552
33553
33560
33567
33583
33589
33598
33601
33603
33605
33617
33624
33632
33646
33672
33673
33726
33753
33773
33775
33823
33828
33840
33867
33871
33911
33919
33929
33939
33996
34004
34038
34040
34070
34089
34104
34114
34127
34131
34136
34144
34151
34155
34172
34184
34185
34187
34188
34195
34203
34211
34225
34226
34239
34245
34249
34265
34313
34321
34335
34346
34348
34355
34385
34386
34409
34441
34466
34469
34473
34482
34529
34533
34552
34601
34604
34607
34610
34612
34652
34677
34678
34703
34712
34737
34760
34761
34801
34815
34850
34870
34871
34896
34907
34909
34911
34917
34922
34924
34930
34945
34949
35046
35055
35073
35099
35104
35129
35135
35155
35162
35169
35180
35196
35202
35213
35237
35261
35267
35277
35280
35293
35305
35322
35324
35330
35373
35376
35425
35429
35433
35450
35461
35462
35474
35479
35482
35489
35514
35521
35528
35545
35548
35597
35601
35614
35635
35641
35642
35668
35669
35672
35682
35698
35700
35743
35750
35790
35794
35826
35849
35924
35927
35930
35945
35978
36007
36011
36031
36040
36043
36062
36090
36093
36094
36117
36119
36123
36161
36162
36175
36185
36197
36201
36205
36214
36216
36235
36244
36245
36257
36265
36280
36288
36290
36295
36316
36318
36325
36327
36332
36333
36358
36374
36375
36376
36384
36423
36453
36459
36461
36470
36472
36486
36494
36519
36524
36537
36545
36556
36578
36601
36607
36615
36634
36686
36690
36704
36723
36730
36742
36745
36750
36751
36756
36765
36785
36801
36825
36844
36909
36928
36939
36942
36949
36951
36957
36961
36967
37003
37032
37043
37045
37058
37070
37105
37111
37121
37139
37142
37177
37190
37204
37250
37300
37301
37342
37354
37360
37372
37378
37398
37410
37433
37437
37454
37464
37474
37486
37511
37519
37522
37540
37570
37588
37596
37609
37639
37640
37656
37668
37692
37700
37701
37714
37745
37751
37758
37792
37817
37841
37855
37872
37879
37891
37902
37907
37920
37952
37978
37990
37997
38001
38024
38032
38051
38068
38070
38073
38084
38121
38141
38162
38180
38182
38188
38204
38221
38228
38268
38270
38272
38288
38290
38295
38306
38314
38334
38351
38372
38423
38425
38454
38480
38510
38526
38528
38552
38569
38600
38647
38657
38688
38689
38706
38707
38743
38759
38788
38805
38847
38853
38858
38859
38860
38916
38965
39018
39055
39091
39095
39099
39118
39179
39208
39217
39246
39262
39284
39303
39308
39316
39333
39336
39368
39377
39385
39392
39413
39442
39446
39453
39465
39474
39485
39497
39503
39514
39538
39542
39557
39666
39674
39733
39737
39753
39757
39758
39765
39766
39771
39783
39787
39805
39813
39818
39871
39874
39883
39885
39890
39922
39962
39970
39998
40010
40023
40037
40044
40069
40113
40128
40158
40160
40179
40203
40209
40213
40216
40221
40222
40228
40247
40289
40300
40307
40318
40324
40335
40365
40387
40390
40435
40458
40468
40486
40546
40558
40571
40591
40615
40629
40695
40698
40740
40755
40768
40779
40802
40816
40838
40864
40888
40909
40912
40914
40916
40957
40966
41024
41035
41054
41057
41086
41125
41134
41144
41151
41174
41235
41277
41288
41331
41339
41363
41368
41401
41408
41427
41432
41480
41496
41500
41501
41518
41544
41549
41551
41554
41555
41559
41561
41572
41602
41614
41621
41640
41645
41646
41665
41692
41757
41784
41793
41801
41812
41843
41849
41869
41908
41913
41963
41968
42037
42053
42059
42074
42089
42110
42111
42113
42115
42126
42131
42142
42179
42231
42241
42264
42267
42268
42282
42283
42287
42409
42440
42477
42509
42588
42595
42608
42625
42739
42750
42793
42835
42919
42958
42969
42975
43012
43036
43039
43040
43074
43127
43134
43161
43212
43226
43228
43246
43278
43281
43351
43368
43396
43460
43462
43509
43546
43573
43584
43592
43652
43683
43753
43756
43760
43765
43785
43792
43816
43867
43881
43909
43939
44002
44004
44010
44026
44035
44085
44091
44127
44147
44193
44216
44217
44236
44345
44422
44472
44511
44515
44554
44619
44635
44647
44648
44739
44814
44820
44830
44848
44861
44903
44915
44934
44983
44995
45024
45134
45136
45151
45164
45324
45340
45343
45427
45430
45473
45498
45633
45643
45681
45807
45839
45871
45876
45918
45936
45939
45951
45969
46003
46008
46073
46089
46118
46120
46143
46169
46189
46242
46262
46277
46300
46341
46383
46388
46409
46439
46447
46508
46563
46566
46570
46571
46590
46596
46617
46631
46652
46657
46693
46707
46743
46764
46775
46782
46806
46809
46817
46835
46847
46888
46924
46954
47019
47027
47036
47042
47107
47157
47186
47202
47269
47271
47301
47325
47348
47391
47435
47464
47528
47537
47546
47551
47600
47621
47662
47707
47726
47737
47740
47753
47771
47792
47802
47834
47850
47852
47859
47882
47922
47932
47994
48032
48034
48096
48156
48178
48207
48291
48301
48318
48335
48344
48374
48421
48441
48443
48465
48499
48530
48538
48583
48610
48629
48642
48656
48708
48713
48720
48729
48736
48739
48763
48786
48829
48933
48956
48974
48982
49002
49015
49022
49092
49100
49102
49147
49156
49186
49219
49226
49228
49235
49288
49318
49363
49378
49394
49425
49447
49450
49454
49455
49464
49480
49570
49603
49618
49661
49680
49693
49794
49829
49856
49869
49886
49910
49916
49925
49952
49959
50007
50022
50045
50057
50065
50082
50122
50169
50226
50271
50327
50361
50389
50420
50457
50461
50471
50485
50539
50611
50620
50687
50694
50705
50746
50808
50835
50885
50888
50914
50929
50937
50960
50989
51010
51096
51129
51159
51160
51254
51334
51381
51382
51383
51411
51458
51477
51518
51538
51555
51556
51609
51658
51675
51715
51750
51782
51795
51818
51901
51933
52016
52029
52045
52052
52063
52099
52141
52143
52159
52276
52304
52308
52313
52337
52352
52388
52394
52441
52454
52509
52513
52535
52567
52571
52572
52579
52641
52655
52670
52728
52798
52811
52823
52832
52837
52847
52868
52886
52899
52903
52923
52972
52997
53043
53086
53101
53108
53138
53200
53241
53278
53320
53321
53331
53355
53372
53382
53414
53456
53467
53490
53618
53641
53652
53719
53745
53754
53755
53776
53791
53830
53833
53835
53837
53849
53870
53991
54003
54010
54025
54067
54120
54133
54149
54164
54192
54234
54238
54397
54429
54440
54443
54499
54533
54549
54559
54568
54597
54611
54641
54642
54647
54716
54717
54729
54759
54776
54846
54912
54917
54999
55003
55013
55070
55136
55143
55161
55175
55178
55269
55283
55306
55361
55401
55403
55415
55431
55438
55480
55485
55504
55508
55523
55527
55586
55630
55685
55752
55785
55789
55924
55937
55986
56072
56153
56201
56255
56308
56327
56350
56382
56441
56524
56567
56590
56628
56646
56692
56726
56734
56766
56812
56830
56991
56993
57048
57240
57278
57381
57384
57387
57403
57440
57505
57550
57554
57564
57625
57661
57667
57673
57676
57752
57772
57803
57832
57851
57956
57966
58020
58021
58053
58078
58097
58134
58172
58186
58243
58244
58254
58274
58290
58295
58408
58447
58456
58481
58552
58698
58786
58834
58878
58896
58909
58980
59011
59035
59108
59111
59120
59226
59230
59275
59288
59337
59347
59379
59408
59429
59434
59453
59463
59485
59527
59733
59785
59846
59853
59860
59969
59994
60054
60086
60129
60170
60209
60254
60344
60349
60354
60363
60368
60391
60421
60539
60624
60694
60695
60697
60764
60901
60946
60980
61071
61203
61253
61273
61278
61374
61451
61495
61553
61555
61560
61590
61593
61704
61766
61779
61817
61845
61871
61896
61909
61921
61947
61951
61957
62113
62131
62188
62193
62207
62310
62313
62314
62429
62540
62547
62574
62638
62648
62692
62737
62855
62876
62937
62993
63035
63066
63107
63122
63124
63179
63209
63218
63230
63261
63267
63277
63283
63395
63551
63605
63612
63635
63782
63798
63923
63998
64005
64180
64228
64301
64325
64383
64385
64674
64689
64839
64846
64850
64868
64876
64888
64908
64910
65047
65193
65202
65215
65272
65358
65472
65490
65528
65649
65672
65686
65705
65709
65714
65750
65752
65802
65814
65884
65949
65974
65986
65991
66069
66279
66337
66354
66366
66404
66428
66610
66644
66695
66782
66837
66912
66914
66936
66977
67022
67052
67055
67088
67102
67167
67168
67174
67241
67361
67373
67384
67392
67396
67398
67474
67540
67544
67606
67624
67741
67789
67816
67864
67889
68086
68114
68127
68199
68230
68268
68271
68332
68354
68392
68428
68489
68502
68506
68507
68558
68579
68624
68668
68672
68729
68734
68776
68845
68850
68917
68938
68968
68997
69002
69047
69061
69064
69076
69210
69319
69343
69394
69407
69428
69439
69454
69501
69515
69595
69668
69684
69704
69721
69747
69838
69858
69904
69954
70011
70047
70088
70101
70139
70193
70208
70279
70325
70329
70398
70457
70554
70557
70573
70595
70615
70643
70788
70815
71081
71095
71157
71335
71385
71389
71404
71416
71486
71503
71530
71534
71547
71549
71635
71764
71769
71779
71843
71855
71925
72033
72133
72136
72195
72196
72230
72242
72274
72289
72430
72467
72487
72491
72597
72601
72667
72693
72723
72824
72871
72892
72957
72997
73082
73110
73183
73217
73355
73405
73463
73505
73560
73678
73712
73758
73853
73897
73921
74052
74075
74114
74157
74202
74307
74326
74363
74380
74465
74500
74531
74548
74590
74663
74775
74828
74917
75012
75031
75053
75060
75193
75225
75265
75270
75299
75407
75453
75469
75474
75609
75614
75650
75688
75715
75780
75782
75789
75909
75971
76066
76069
76087
76141
76156
76161
76194
76198
76203
76299
76352
76370
76401
76412
76429
76486
76504
76539
76548
76585
76665
76746
76777
76819
76825
76829
76850
76867
76888
76889
76899
76910
76933
76958
76995
77060
77068
77090
77296
77311
77313
77338
77360
77392
77409
77481
77512
77701
77730
77755
77911
78065
78073
78134
78293
78294
78331
78393
78420
78428
78535
78577
78807
78929
78975
79052
79094
79109
79184
79199
79273
79287
79324
79362
79407
79427
79549
79554
79615
79669
79745
79759
79784
79839
79932
79979
80085
80130
80274
80298
80415
80449
80453
80474
80479
80566
80611
80612
80750
80867
80919
80938
80959
81042
81151
81159
81340
81505
81557
81762
81810
81884
81885
81956
81976
81985
81998
82009
82059
82136
82222
82225
82261
82263
82293
82309
82328
82342
82376
82401
82460
82480
82514
82569
82613
82711
82720
83048
83070
83072
83166
83259
83319
83345
83467
83492
83531
83670
83737
83823
83890
84021
84037
84121
84131
84181
84217
84244
84290
84305
84356
84367
84479
84594
84661
84698
84758
84792
84836
84873
84917
84925
85088
85099
85150
85400
85428
85482
85521
85544
85564
85570
85585
85668
85733
85756
85900
85994
86142
86259
86306
86425
86796
86962
87077
87121
87281
87323
87338
87397
87484
87497
87620
87630
87837
87956
87973
88014
88051
88059
88105
88107
88185
88207
88283
88318
88342
88476
88822
88830
88866
88874
88899
88905
89155
89191
89239
89291
89343
89461
89484
89545
89621
89635
89638
89687
89707
89786
89818
89870
89937
89945
89966
90040
90080
90153
90275
90323
90574
90634
90646
90649
90661
90741
90782
90885
90896
90983
91004
91032
91091
91126
91134
91231
91351
91507
91633
91799
91957
92081
92112
92185
92188
92190
92294
92330
92538
92683
92730
92734
92847
92871
92907
93017
93054
93067
93134
93298
93365
93389
93405
93503
93573
93699
94111
94221
94247
94250
94421
94457
94528
94811
94846
94922
94994
95025
95135
95196
95517
95639
95713
95758
95947
96065
96137
96238
96311
96384
96610
96745
96900
97227
97247
97443
97510
97547
97619
97841
97949
97990
98054
98073
98136
98265
98519
98545
98698
98874
99028
99043
99172
99299
99329
99541
99687
99752
99820
99882
99990
100006
100304
100453
100456
100586
100641
100809
100828
101002
101011
101052
101304
101484
101552
101740
101942
102224
102316
102419
102545
102597
102607
102624
102695
103068
103306
103342
103414
103466
103794
103845
103957
104154
104187
104306
104513
104620
104633
104755
104930
104985
105289
105362
105377
105436
105775
105928
106495
107003
107194
107195
107463
107471
107540
107690
107730
108072
108286
108381
108415
108478
108777
108816
108860
108992
109081
109149
109220
109222
109302
109655
109752
109804
109866
110448
110653
110845
111004
111080
111545
111689
111777
112147
112293
112299
112473
112530
112640
112888
113018
113047
113148
113270
113588
113918
113924
114191
114223
114370
114510
114513
114715
115261
115365
115479
115521
115537
115546
115598
115674
115704
115935
116085
116367
116555
117211
117638
117824
118264
118580
118627
119112
119140
119592
119733
119819
119833
120055
120579
120777
120867
120948
120949
121084
121113
121510
121959
122107
122717
122745
122868
122874
123047
123157
123248
123523
123605
123762
124006
124027
124469
124495
124621
124659
124937
125060
125182
125253
125938
126061
126216
126393
126730
126888
127239
127314
127388
127422
127498
127702
127807
128085
128351
128363
128516
128708
128825
128848
129391
129936
130279
130553
130810
130844
130875
130971
131273
131313
131419
131506
131636
131866
132050
132117
132166
132226
132338
132649
132661
132857
133449
133470
133549
133601
134869
135287
135695
136159
136215
136452
136957
137021
137027
137299
137398
137428
137990
138056
138101
139657
139877
140558
140582
140787
140794
140820
140903
140946
141939
142528
142689
143120
143764
144553
145026
145380
145879
146212
146366
146404
146413
147123
147358
147591
147959
148726
148749
149136
149740
150034
150823
150957
151133
151800
152873
152930
153774
153999
154212
154230
154400
154896
155188
156190
156482
157614
157875
162211
162461
162673
163850
164031
164039
164863
165025
165885
168373
170407
170539
170639
172666
173622
173725
173861
173968
174312
175454
175868
176823
176862
177417
177720
178455
178647
179122
180043
180378
180403
180724
180728
181755
183320
183855
185298
185406
185726
187741
188171
189384
190020
190270
190635
191562
192245
192978
196030
199980
200284
201369
202892
206644
207122
208566
210670
215284
216620
216769
216846
220200
220227
220958
221017
221939
223967
224205
224471
225117
227289
228556
230802
231412
232828
234735
239593
241046
241525
243595
247112
247232
251420
256828
257510
259377
261784
261819
267251
267437
267996
269408
273433
275365
275647
278498
279385
282264
282834
286746
287583
287884
289948
294178
296721
298502
298637
303829
305105
326664
356393
369210
374700
381148
381503
383941
388536
394860
397337
418789
419175
422508
423539
434891
435343
452352
454614
485278
486076
506333
506608
508595
511752
511756
511757
511777
511778
511779
511784
511790
511796
511802
511805
511807
511818
511820
511821
511841
511842
511844
511846
511853
511855
511857
511860
511861
511862
511869
511872
511873
511887
511899
511900
511901
511931
511935
511955
511956
511957
511960
511982
511985
511992
511993
511995
511996
512011
512033
512041
512042
512045
512047
512070
512076
512077
512079
512094
512118
512138
512156
512159
512166
512176
512179
512185
512186
512187
512188
512192
512219
512220
512246
512248
512251
512258
512263
512266
512273
512296
512305
512310
512312
512314
512315
512319
512326
512347
512348
512350
512352
512355
512362
512363
512375
512390
512392
512406
512415
512419
512434
512445
512446
512455
512457
512459
512460
512485
512496
512506
512513
512514
512515
512516
512520
512521
512533
512534
512547
512575
512579
512580
512581
512595
512606
512607
512608
512609
512660
512662
512663
512673
512688
512694
512695
512701
512716
512717
512722
512723
512726
512730
512732
512734
512745
512746
512750
512786
512788
512789
512793
512816
512821
512823
512824
512841
512842
512845
512855
512859
512862
512863
512864
512877
512883
512884
512886
512887
512899
512903
512906
512909
512910
512917
512922
512925
512926
512927
512928
512935
512937
512985
513029
513032
513033
513034
513041
513042
513054
513058
513059
513081
513083
513091
513095
513096
513100
513102
513117
513118
513120
513125
513127
513128
513129
513131
513132
513133
513145
513146
513147
513149
513160
513162
513163
513174
513177
513184
513217
513219
513230
513233
513238
513266
513283
513284
513312
513313
513344
513345
513346
513370
513376
513385
513387
513388
513391
513409
513411
513413
513415
513418
513421
513425
513430
513433
513434
513463
513464
513473
513499
513506
513507
513513
513515
513517
513518
513520
513541
513542
513550
513554
513565
513575
513577
513578
513581
513582
513591
513592
513593
513601
513603
513630
513636
513649
513650
513651
513652
513654
513655
513662
513663
513678
513685
513691
513696
513702
513703
513707
513709
513764
513766
513767
513768
513791
513795
513796
513816
513817
513818
513842
513863
513864
513874
513879
513886
513887
513888
513904
513911
513932
513934
513985
513992
514009
514018
514022
514036
514042
514045
514053
514077
514125
514126
514139
514180
514195
514244
514249
514250
514251
514252
514258
514277
514283
514284
514292
514297
514310
514343
514344
514345
514360
514361
514363
514378
514394
514405
514410
514424
514425
514467
514468
514481
514510
514522
514532
514543
514554
514555
514577
514579
514591
514596
514598
514622
514661
514664
514666
514677
514680
514689
514690
514696
514701
514706
514711
514712
514729
514753
514764
514768
514769
514803
514853
514855
514858
514876
514881
514891
514909
514910
514917
514920
514922
514925
514944
514945
514946
514948
514951
514953
514965
514980
514983
514987
514988
515002
515009
515015
515019
515030
515032
515034
515044
515048
515056
515062
515069
515070
515071
515082
515091
515092
515130
515145
515158
515161
515167
515177
515192
515193
515194
515210
515217
515221
515230
515232
515233
515234
515254
515275
515276
515289
515294
515295
515297
515298
515301
515308
515309
515321
515323
515337
515338
515346
515347
515357
515364
515365
515367
515420
515423
515424
515445
515458
515460
515463
515464
515471
515480
515506
515518
515520
515538
515541
515549
515551
515554
515555
515561
515572
515577
515578
515579
515580
515604
515605
515643
515675
515681
515687
515718
515735
515743
515744
515757
515760
515761
515771
515772
515788
515799
515800
515803
515809
515810
515811
515906
515933
515951
515960
515961
515963
515966
515977
515989
515990
515991
515996
515998
516001
516097
516110
516131
516132
516133
516134
516162
516164
516167
516172
516196
516197
516205
516221
516223
516225
516246
516247
516249
516251
516254
516255
516256
516258
516285
516286
516291
516295
516296
516297
516322
516326
516329
516344
516360
516361
516362
516363
516369
516381
516409
516416
516418
516432
516433
516448
516450
516468
516483
516502
516522
516524
516525
516565
516570
516616
516617
516618
516622
516652
516663
516666
516668
516692
516742
516772
516820
516826
516889
516890
516911
516917
516919
516946
516953
516954
516957
516967
517002
517004
517012
517023
517048
517050
517052
517059
517095
517098
517101
517113
517153
517178
517212
517229
517234
517248
517264
517277
517311
517333
517337
517339
517351
517354
517355
517368
517375
517376
517401
517410
517413
517417
517418
517424
517425
517458
517462
517464
517465
517509
517512
517519
517532
517548
517588
517602
517603
517630
517653
517669
517675
517677
517681
517702
517722
517723
517735
517736
517737
517763
517804
517817
517866
517867
517875
517878
517879
517880
517882
517997
517998
518012
518013
518020
518041
518051
518052
518072
518078
518079
518121
518127
518176
518194
518253
518263
518275
518293
518294
518313
518346
518354
518363
518375
518378
518379
518413
518437
518450
518468
518488
518489
518490
518493
518505
518507
518580
518586
518589
518606
518644
518673
518690
518704
518707
518708
518715
518719
518772
518777
518778
518779
518790
518830
518831
518833
518879
518889
518902
518904
518907
518919
518984
519012
519065
519093
519097
519121
519128
519129
519131
519132
519140
519141
519142
519143
519144
519186
519230
519231
519242
519260
519284
519291
519296
519297
519300
519315
519316
519317
519318
519320
519325
519328
519329
519331
519332
519343
519345
519346
519347
519351
519358
519365
519367
519368
519371
519373
519387
519389
519392
519395
519398
519399
519401
519413
519419
519420
519421
519422
519443
519444
519454
519456
519461
519501
519508
519514
519517
519518
519519
519526
519531
519532
519539
519553
519567
519572
519573
519585
519589
519591
519592
519593
519616
519619
519630
519633
519634
519635
519655
519659
519661
519666
519692
519705
519716
519717
519720
519724
519753
519761
519772
519791
519818
519850
519862
519864
519865
519866
519868
519869
519877
519879
519889
519890
519902
519903
519904
519906
519907
519908
519909
519914
519916
519917
519920
519921
519922
519925
519926
519939
519941
519944
519947
519970
519974
519982
519989
520002
520003
520007
520009
520014
520020
520021
520022
520024
520028
520029
520030
520033
520034
520039
520040
520053
520066
520081
520082
520083
520084
520085
520086
520088
520090
520115
520117
520119
520146
520151
520152
520154
520155
520157
520168
520169
520182
520185
520186
520188
520190
520194
520197
520198
520199
520204
520205
520206
520236
520337
520338
520341
520366
520367
520379
520388
520389
520390
520393
520401
520409
520410
520432
520435
520439
520442
520445
520466
520468
520472
520475
520479
520487
520510
520513
520516
520529
520530
520572
520573
520575
520576
520578
520580
520581
520582
520587
520590
520591
520593
520606
520613
520617
520618
520621
520628
520641
520651
520654
520664
520669
520670
520721
520723
520727
520753
520758
520773
520787
520789
520791
520792
520809
520811
520812
520815
520816
520817
520818
520821
520822
520865
520884
520889
520891
520895
520916
521004
521011
521014
521017
521018
521021
521026
521027
521028
521059
521063
521074
521075
521086
521088
521099
521100
521108
521126
521127
521129
521146
521147
521150
521157
521158
521162
521171
521189
521191
521194
521195
521209
521210
521212
521213
521215
521217
521219
521222
521223
521225
521226
521227
521230
521231
521240
521241
521256
521290
521292
521305
521309
521312
521316
521323
521324
521325
521326
521328
521336
521337
521351
521352
521360
521375
521404
521406
521409
521415
521437
521438
521439
521448
521449
521450
521453
521454
521455
521456
521457
521490
521493
521520
521525
521526
521527
521529
521545
521548
521551
521575
521577
521580
521581
521584
521586
521587
521589
521596
521597
521626
521634
521635
521637
521644
521646
521650
521652
521661
521662
521664
521666
521667
521668
521671
521679
521680
521682
521686
521687
521688
521689
521690
521693
521694
521703
521707
521708
521713
521722
521727
521736
521747
521748
521758
521761
521762
521763
521764
521766
521767
521768
521778
521780
521783
521784
521812
521813
521814
521815
521928
521930
521935
521938
521939
521940
521947
521971
521972
521975
521977
521981
521987
521988
522194
522301
522309
522325
522335
522337
522344
522346
522348
522349
522377
522386
522387
522405
522407
522410
522412
522415
522419
522427
522428
522434
522436
522443
522444
522448
522465
522466
522702
522706
522709
522715
522730
522733
522738
522744
522745
522749
522750
522759
522760
522763
522789
522791
522793
522806
522807
522808
522809
522813
522823
522824
522827
522828
522838
522849
522853
522857
522865
522916
522917
522921
522966
522967
522972
522973
522976
522983
522984
522987
522991
522992
522994
523015
523022
523032
523035
523040
523043
523059
523060
523317
523331
523347
523351
523376
523379
523384
523385
523392
523425
523430
523432
523434
523436
523438
523473
523482
523495
523503
523512
523516
523518
523528
523530
523536
523537
523538
523540
523541
523544
523553
523560
523561
523564
523578
523581
523585
523591
523624
523625
523627
523628
523632
523633
523636
523643
523644
523648
523672
523684
523715
523716
523772
523775
523776
523786
523788
523808
523816
523821
523828
523833
523834
523836
523841
523842
523858
523859
523860
523861
523862
523863
523894
523895
523907
523919
523921
523926
523930
523938
523982
523983
523985
523987
523993
524000
524005
524016
524018
524043
524046
524054
524055
524056
524058
524063
524067
524068
524073
524074
524075
524078
524120
524123
524133
524134
524136
524139
524152
524159
524164
524166
524170
524198
524199
524207
524208
524212
524213
524215
524226
524227
524238
524241
524242
524243
524244
524246
524247
524254
524268
524270
524274
524284
524286
524292
524296
524297
524300
524304
524337
524338
524351
524364
524370
524375
524381
524425
524431
524432
524458
524483
524500
524501
524503
524504
524512
524521
524522
524523
524524
524525
524526
524528
524591
524596
524604
524606
524610
524612
524613
524627
524641
524643
524644
524668
524708
524717
524730
524739
524741
524744
524747
524753
524756
524765
524766
524777
524788
524789
524795
524804
524833
524845
524876
524881
524883
524893
524905
524945
524947
524949
524988
524989
524992
524998
525015
525026
525062
525063
525066
525069
525105
525266
525289
525303
525350
525351
525352
525353
525354
525355
525393
525406
525408
525423
525424
525439
525448
525452
525455
525456
525460
525496
525497
525529
525552
525615
525676
525731
525777
525780
525787
525804
525821
525896
525898
525958
525959
525972
525979
526001
526030
526031
526032
526033
526034
526035
526085
526086
526125
526143
526146
526311
526406
526468
526472
526506
526522
526526
526548
526552
526612
526634
526637
526638
526639
526642
526664
526724
526827
526828
526836
526837
526857
526918
526973
527123
527145
527149
527150
527163
527199
527207
527243
527282
527318
527320
527327
527328
527331
527357
527367
527409
527410
527427
527469
527470
527475
527523
527524
527525
527577
527588
527589
527591
527595
527599
527604
527653
527655
527690
527695
527795
528100
528986
529002
529018
529020
529023
529029
529031
529038
529069
529071
529127
529128
529129
529175
529200
529207
529268
529292
529293
529298
529299
529318
529330
529338
529344
529349
529378
529385
529400
529413
529418
529424
529429
529455
529456
529457
529458
529489
529490
529491
529498
529508
529512
529515
529516
529517
529519
529520
529549
529550
529569
529570
529571
529572
529602
529603
529604
529641
529665
529681
529710
529741
529754
529799
529807
529808
529811
529826
529847
529875
529984
529985
530061
530067
530071
530085
530152
530153
530154
530155
530167
530179
530190
530293
530339
530415
530445
530560
530571
530608
530667
530685
530692
530694
530702
530777
530790
530798
530799
530834
530850
530872
530873
530874
530875
530877
530878
530938
530939
530941
530944
530945
530950
530982
530997
531009
531131
531133
531137
531273
531276
531277
531278
531353
531383
531419
531425
531428
531452
531479
531557
531558
531581
531583
531632
531643
531678
531680
531681
531682
531685
531708
531755
531768
531787
531829
531836
531838
531839
531861
531863
531864
531866
531867
531899
531901
531914
531983
531984
531985
531998
531999
532000
532010
532011
532051
532055
532056
532079
532080
532124
532125
532198
532214
532419
532421
532435
532567
532568
532569
532571
532575
532580
532582
532637
532641
532644
532655
532704
532712
532747
532748
532751
532766
532767
532768
532786
532800
532823
532825
532827
532838
532839
532906
532909
532920
532942
532944
532946
532947
532967
533044
533045
533062
533064
533067
533097
533103
533123
533150
533155
533162
533223
533274
533345
533411
533431
533434
533442
533480
533481
533482
533509
533529
533543
533588
533590
533591
533662
533667
533704
533705
533708
533709
533720
533724
533725
533747
533748
533749
533750
533751
533752
533783
533804
533849
533914
533916
533917
533944
533946
533966
533971
533975
534008
534038
534040
534052
534134
534136
534301
534319
534404
534420
534654
534662
534786
535044
535056
535065
535289
535347
535381
535603
535675
535798
535824
535834
535835
536002
536049
536050
536052
536054
536057
536058
536208
536212
536345
536355
536441
536443
536550
536640
537135
537383
537514
537515
537659
539137
539151
539167
539168
539209
539226
539227
539247
539322
539448
539480
539507
539583
539591
540276
540283
540382
541383
541755
541882
542953
543013
543429
543430
543460
543472
543573
543719
543774
543901
543902
544258
544285
544359
544496
545182
545597
546044
547179
547552
547655
548428
548435
548609
549208
549582
550660
551294
551404
553194
553807
554393
555238
555256
555264
555270
555295
555296
555304
555312
555314
555318
555322
555342
555382
555383
555384
555385
555458
555488
555498
555504
555704
555705
555707
555710
555712
555715
555721
555727
555741
555742
555746
555747
555751
555759
555772
555803
555811
555907
555985
555989
556022
556023
556038
556064
556261
556300
556303
556307
556316
556346
556347
556502
556512
556574
556588
556600
556694
556702
556706
556717
556767
556838
556994
556999
557035
557110
557139
557192
557330
557352
557380
557395
557640
557784
557800
557861
557878
557966
558298
558344
558652
558781
558793
558801
558848
558854
558868
558869
558897
558899
558970
559015
559105
559106
559141
559181
559256
559324
559410
559532
559533
559547
559566
559685
559780
560327
560489
560878
561332
561474
561511
562782
563481
563537
563873
564174
564824
565685
565974
566769
567039
567101
567693
568134
568155
569848
570126
570300
570380
570458
572057
574984
578193
578194
578432
578647
578855
578892
579253
579647
579911
579930
579932
579996
580329
580544
580802
580814
580907
581012
581091
581108
581131
581240
581331
581348
581422
582265
582433
582877
583757
588399
588447
739865
900547
900744
901791
902180
903403
905462
905567
905600
914539
915497
915735
916091
916162
917516
918582
919942
920537
922814
925429
941628
943251
121521030
374042364
465143833
705121065
715312637
725764894
