5
6
7
8
10
12
15
16
18
20
21
22
26
27
28
30
32
33
37
41
43
46
48
50
51
52
53
55
57
58
60
65
66
71
75
76
77
81
84
85
86
88
90
93
94
95
96
98
100
101
104
108
109
110
111
115
117
121
122
131
132
134
138
142
143
149
151
152
153
155
159
168
176
180
184
191
195
199
212
217
218
220
222
226
227
229
232
234
237
238
239
241
244
257
260
265
266
267
269
274
275
276
283
294
296
297
304
306
308
313
314
316
320
326
327
328
330
332
333
334
337
339
344
345
346
351
359
365
368
374
379
380
385
391
400
404
408
409
413
415
420
427
430
435
440
450
452
456
457
459
460
461
464
476
477
478
479
488
491
493
497
503
504
505
510
511
516
521
527
531
532
535
540
546
556
557
565
566
576
580
586
587
590
595
596
601
603
604
606
608
612
613
617
624
625
626
628
629
630
631
633
654
658
664
671
677
682
683
684
685
687
688
690
691
693
696
697
699
705
709
720
727
734
740
744
750
752
763
766
767
768
784
788
789
791
792
795
798
803
804
805
811
816
817
818
824
848
850
852
858
861
864
866
870
879
885
889
895
919
923
927
944
952
963
979
982
992
995
1004
1019
1031
1035
1045
1047
1051
1062
1066
1067
1080
1088
1094
1095
1113
1123
1165
1178
1182
1191
1194
1206
1207
1221
1267
1279
1286
1312
1319
1320
1321
1328
1357
1375
1382
1388
1392
1393
1395
1404
1422
1430
1440
1451
1453
1461
1480
1484
1488
1498
1501
1512
1519
1522
1525
1561
1564
1603
1607
1623
1640
1653
1656
1682
1705
1733
1745
1756
1819
1823
1828
1866
1882
1892
1923
1934
1962
1983
1994
2031
2063
2084
2115
2124
2129
2133
2201
2204
2210
2291
2316
2325
2393
2433
2514
2524
2576
2619
2644
2714
2718
2725
2756
2826
2888
2955
2957
2987
3039
3082
3166
3440
3545
3574
3985
4013
4147
4270
4338
4373
4399
4441
4497
4505
4513
4725
5139
5222
5848
5881
6244
6256
6295
6312
6547
6712
6756
6934
7582
7684
7749
7795
7829
7849
7889
7917
7999
8006
8020
8032
8208
8361
8372
8483
8523
8621
8625
8630
8653
8662
8667
8682
8694
8700
8716
8719
8731
8735
8749
8754
8760
8762
8763
8777
8778
8789
8813
8818
8840
8857
8858
8861
8883
8886
8902
8910
8927
8940
8958
8972
8975
9009
9022
9030
9035
9039
9049
9055
9057
9068
9084
9095
9099
9130
9142
9145
9155
9158
9160
9161
9167
9171
9191
9233
9239
9245
9277
9280
9319
9339
9352
9363
9419
9430
9436
9452
9480
9514
9539
9543
9565
9581
9591
9601
9607
9611
9620
9635
9652
9665
9676
9677
9684
9818
