0
5
7
8
10
11
12
16
18
20
21
22
23
24
26
27
28
30
32
33
37
41
43
46
48
50
51
52
53
55
57
58
59
60
65
66
71
72
74
75
76
79
81
84
85
88
89
90
93
94
95
96
98
100
101
102
104
105
109
110
111
117
119
121
122
123
127
128
131
134
136
140
143
147
149
151
152
153
155
159
160
163
168
171
180
182
183
185
187
194
195
196
203
205
210
212
213
214
217
220
221
222
229
232
234
240
241
244
248
251
252
256
257
262
263
265
269
270
275
277
285
286
293
295
296
301
304
305
308
313
316
317
320
322
323
326
327
328
330
332
333
334
337
339
340
341
345
346
355
357
359
364
365
366
367
368
370
372
375
376
379
380
381
385
389
391
396
400
403
404
406
408
409
410
412
413
415
422
426
428
429
430
433
435
440
442
448
450
457
460
461
464
465
466
468
469
472
474
476
477
478
479
482
483
484
488
489
491
493
494
497
502
503
505
506
508
511
514
519
521
522
531
532
535
541
546
548
550
554
555
556
557
566
570
575
576
577
580
586
587
590
592
595
596
598
602
603
604
606
608
613
615
617
621
623
624
626
629
630
631
633
637
639
646
647
651
652
654
658
661
662
668
669
673
680
682
683
684
685
687
688
691
692
693
696
698
699
701
702
703
706
707
709
711
712
713
717
718
727
731
732
734
740
743
744
746
750
752
758
763
766
767
768
770
773
778
781
782
784
785
787
788
789
791
795
799
801
803
804
805
818
824
825
828
834
838
839
840
848
850
852
853
858
861
864
867
868
870
879
881
885
889
891
892
895
900
902
913
922
923
927
936
939
941
944
945
947
949
952
954
955
963
968
976
979
981
982
986
991
992
1003
1004
1006
1013
1017
1018
1023
1025
1026
1030
1032
1035
1043
1045
1047
1050
1051
1053
1061
1062
1066
1088
1089
1092
1094
1095
1101
1111
1113
1114
1116
1118
1122
1123
1128
1133
1137
1138
1145
1149
1151
1165
1177
1182
1184
1189
1190
1194
1195
1201
1206
1207
1209
1214
1222
1230
1234
1238
1242
1244
1263
1277
1286
1289
1295
1297
1299
1314
1321
1325
1328
1331
1335
1340
1346
1349
1363
1365
1372
1383
1384
1390
1392
1394
1395
1398
1407
1414
1430
1433
1440
1451
1453
1458
1460
1467
1479
1482
1484
1487
1489
1498
1501
1508
1515
1518
1522
1525
1526
1527
1537
1539
1540
1541
1561
1566
1573
1577
1582
1586
1596
1603
1606
1609
1610
1613
1620
1622
1624
1640
1652
1659
1660
1674
1681
1684
1690
1698
1705
1713
1718
1725
1731
1733
1735
1745
1746
1751
1756
1764
1771
1783
1799
1803
1818
1823
1828
1843
1851
1863
1867
1875
1880
1911
1920
1923
1937
1938
1939
1941
1950
1960
1972
1973
1981
1985
1990
1994
1995
2007
2021
2025
2040
2056
2063
2064
2077
2081
2113
2124
2127
2129
2133
2144
2155
2157
2167
2173
2181
2201
2204
2206
2210
2226
2238
2261
2268
2280
2285
2286
2291
2297
2303
2305
2306
2317
2325
2326
2352
2386
2421
2428
2432
2442
2444
2456
2468
2470
2478
2508
2514
2515
2517
2519
2557
2563
2565
2573
2582
2608
2619
2628
2647
2650
2655
2674
2683
2706
2718
2721
2733
2734
2735
2740
2741
2758
2833
2834
2861
2898
2907
2949
2955
2959
2960
3008
3154
3185
3191
3193
3202
3280
3295
3299
3311
3326
3337
3347
3363
3395
3423
3523
3534
3608
3609
3613
3647
3650
3667
3703
3752
3773
3795
3806
3828
3872
3873
3894
3906
3914
3923
3946
3948
3957
3984
3985
3991
4004
4013
4051
4089
4166
4196
4198
4270
4338
4359
4373
4399
4440
4443
4507
4531
4575
4620
4639
4644
4700
4804
4866
4933
5139
5246
5317
5403
5490
5600
5683
5706
5729
5751
5772
5818
5886
5916
5967
6016
6017
6180
6256
6294
6295
6308
6312
6322
6326
6335
6339
6357
6371
6388
6400
6522
6534
6547
6648
6660
6682
6712
6756
6771
6820
6826
6900
6934
7119
7298
7333
7337
7340
7348
7404
7531
7582
7589
7668
7684
7723
7749
7795
7798
7829
7834
7849
7851
7864
7879
7884
7915
7918
7935
7938
7957
7971
7987
7988
7998
8006
8008
8020
8021
8032
8033
8055
8061
8066
8084
8091
8102
8119
8122
8124
8125
8128
8132
8134
8148
8188
8199
8201
8204
8209
8233
8256
8258
8289
8293
8361
8366
8367
8412
8423
8439
8468
8492
8494
8515
8523
8539
8554
8556
8564
8580
8614
8620
8621
8622
8623
8625
8626
8628
8630
8634
8636
8643
8653
8657
8662
8664
8674
8682
8692
8694
8704
8707
8709
8716
8722
8732
8739
8742
8749
8754
8762
8763
8764
8767
8773
8778
8779
8789
8798
8799
8800
8804
8808
8809
8811
8813
8818
8823
8833
8834
8837
8841
8852
8857
8858
8864
8867
8868
8885
8892
8895
8900
8902
8908
8934
8935
8940
8941
8942
8945
8957
8962
8963
8972
8973
8984
8997
9001
9006
9009
9012
9014
9020
9022
9024
9025
9030
9035
9039
9056
9057
9060
9068
9069
9073
9080
9088
9095
9099
9116
9117
9122
9130
9141
9142
9155
9160
9167
9171
9178
9188
9199
9219
9221
9227
9233
9239
9242
9245
9268
9295
9307
9318
9320
9339
9352
9363
9364
9371
9373
9377
9386
9393
9403
9420
9430
9436
9452
9466
9480
9482
9500
9514
9543
9545
9548
9552
9567
9576
9584
9586
9591
9598
9601
9607
9610
9611
9613
9626
9635
9643
9648
9649
9650
9652
9654
9662
9665
9676
9684
9695
9713
9718
9732
9741
9746
9753
9818
9822
9823
9830
9836
9847
9858
9859
9891
9899
9909
9938
9987
9995
