10005
10013
10031
10035
10039
10041
10044
10049
10057
10070
10074
10075
10079
10080
10082
10083
10084
10094
10096
10097
10098
10099
10103
10109
10110
10111
10115
10120
10122
10126
10133
10134
10137
10138
10139
10140
10144
10145
10147
10148
10155
10167
10168
10169
10172
10173
10175
10176
10184
10185
10186
10187
10198
10201
10202
10208
10209
10212
10217
10224
10230
10233
10238
10239
10241
10243
10252
10254
10262
10268
10273
10285
10287
10297
10299
10305
10307
10319
10321
10323
10324
10325
10326
10328
10348
10353
10356
10357
10359
10364
10368
10369
10375
10376
10378
10390
10392
10393
10395
10397
10399
10402
10404
10405
10406
10408
10410
10412
10420
10421
10422
10423
10429
10435
10448
10456
10457
10459
10461
10463
10470
10472
10473
10483
10484
10486
10491
10494
10495
10498
10502
10513
10515
10517
10519
10521
10522
10523
10524
10525
10528
10530
10539
10540
10546
10547
10555
10561
10564
10567
10568
10569
10571
10583
10585
10588
10593
10594
10597
10599
10604
10606
10609
10613
10614
10615
10618
10624
10628
10629
10632
10635
10638
10641
10644
10645
10646
10647
10650
10653
10657
10659
10666
10667
10669
10670
10678
10681
10683
10695
10698
10702
10704
10707
10708
10716
10719
10720
10736
10737
10742
10744
10749
10753
10756
10767
10769
10774
10777
10778
10780
10781
10786
10789
10792
10794
10799
10804
10808
10816
10820
10826
10828
10830
10831
10835
10847
10867
10871
10874
10875
10877
10879
10883
10887
10897
10898
10900
10902
10904
10905
10906
10910
10916
10917
10918
10925
10926
10929
10934
10935
10937
10940
10942
10943
10948
10956
10963
10969
10973
10977
10978
10983
10986
10988
10992
10993
10995
10996
10999
11001
11005
11007
11008
11017
11018
11030
11032
11038
11042
11043
11047
11050
11053
11054
11061
11080
11082
11091
11092
11093
11099
11101
11105
11108
11112
11115
11119
11123
11125
11128
11135
11141
11143
11145
11148
11166
11170
11174
11176
11181
11184
11186
11190
11191
11192
11195
11196
11199
11207
11210
11218
11220
11224
11226
11227
11229
11236
11237
11240
11244
11250
11252
11253
11255
11262
11263
11268
11272
11278
11279
11281
11283
11286
11289
11292
11294
11303
11307
11308
11311
11313
11315
11317
11318
11320
11324
11325
11326
11327
11329
11330
11331
11336
11338
11340
11341
11342
11343
11345
11349
11351
11353
11355
11359
11361
11363
11366
11367
11376
11379
11381
11390
11395
11398
11399
11400
11402
11405
11407
11419
11423
11433
11439
11445
11449
11455
11457
11460
11462
11467
11468
11469
11470
11471
11472
11478
11490
11492
11499
11501
11503
11507
11509
11512
11514
11517
11518
11519
11521
11523
11525
11526
11531
11532
11535
11536
11537
11538
11542
11543
11546
11549
11556
11557
11560
11564
11567
11569
11571
11580
11583
11584
11587
11592
11594
11599
11601
11603
11606
11607
11608
11618
11620
11624
11630
11631
11634
11648
11649
11651
11654
11656
11659
11664
11673
11675
11677
11678
11679
11680
11681
11682
11688
11691
11697
11698
11701
11703
11705
11712
11719
11721
11722
11723
11725
11727
11732
11734
11736
11741
11744
11749
11752
11761
11762
11764
11768
11774
11776
11780
11783
11785
11787
11788
11791
11792
11798
11799
11804
11805
11808
11815
11816
11817
11824
11826
11828
11829
11832
11833
11837
11841
11854
11860
11864
11870
11874
11883
11886
11900
11902
11914
11915
11920
11921
11922
11923
11927
11930
11933
11936
11937
11938
11942
11945
11952
11954
11958
11959
11962
11963
11964
11969
11975
11985
11987
11989
11991
11992
11993
11996
11997
12003
12005
12008
12015
12018
12020
12023
12031
12037
12041
12050
12051
12056
12057
12058
12061
12063
12064
12071
12074
12079
12081
12083
12090
12106
12107
12108
12109
12111
12120
12121
12122
12125
12137
12148
12152
12153
12156
12160
12161
12162
12163
12164
12171
12181
12184
12191
12194
12197
12205
12206
12208
12215
12216
12220
12221
12233
12241
12243
12247
12257
12259
12275
12276
12281
12282
12283
12287
12289
12297
12298
12308
12309
12311
12312
12313
12314
12320
12321
12324
12326
12333
12337
12338
12340
12343
12344
12347
12351
12354
12357
12358
12361
12363
12366
12367
12368
12371
12373
12387
12390
12396
12404
12418
12419
12423
12427
12430
12431
12432
12434
12442
12444
12448
12449
12460
12464
12471
12477
12479
12488
12506
12507
12508
12509
12511
12515
12518
12519
12524
12525
12531
12534
12541
12542
12547
12551
12552
12560
12561
12567
12569
12571
12572
12573
12585
12588
12593
12599
12615
12616
12633
12644
12645
12652
12653
12654
12656
12667
12676
12681
12682
12685
12689
12690
12702
12706
12708
12711
12717
12723
12724
12726
12728
12729
12731
12732
12751
12755
12756
12761
12763
12765
12766
12769
12773
12780
12782
12789
12796
12797
12798
12800
12802
12809
12816
12829
12832
12834
12838
12840
12844
12848
12856
12857
12858
12866
12870
12873
12878
12882
12889
12891
12893
12896
12899
12902
12903
12910
12916
12922
12929
12930
12932
12934
12936
12937
12940
12946
12949
12951
12952
12953
12954
12958
12964
12974
12975
12977
12980
12981
12984
12985
12989
12994
13001
13007
13009
13011
13016
13018
13020
13025
13027
13028
13029
13031
13033
13036
13038
13044
13050
13058
13062
13064
13066
13068
13070
13075
13080
13085
13089
13094
13098
13108
13111
13122
13125
13127
13131
13136
13138
13142
13143
13144
13147
13148
13153
13159
13160
13161
13162
13168
13171
13172
13177
13182
13183
13184
13194
13198
13200
13201
13207
13208
13217
13219
13220
13221
13222
13225
13226
13230
13232
13235
13244
13251
13259
13264
13266
13270
13271
13273
13283
13284
13286
13288
13289
13296
13300
13301
13302
13303
13305
13307
13315
13323
13327
13329
13334
13335
13336
13340
13349
13353
13354
13355
13356
13360
13365
13367
13369
13375
13379
13384
13385
13386
13388
13389
13394
13395
13398
13400
13401
13415
13417
13423
13425
13427
13428
13430
13431
13434
13438
13441
13449
13450
13466
13467
13470
13474
13479
13480
13481
13483
13488
13490
13495
13500
13501
13515
13521
13523
13526
13540
13542
13549
13550
13556
13559
13562
13576
13582
13583
13587
13595
13596
13597
13598
13601
13603
13607
13608
13610
13613
13614
13616
13621
13626
13631
13644
13648
13650
13651
13653
13655
13661
13662
13664
13665
13666
13668
13669
13672
13684
13686
13698
13705
13707
13710
13715
13716
13723
13724
13725
13728
13732
13737
13738
13741
13750
13753
13755
13757
13761
13768
13770
13772
13774
13775
13782
13789
13794
13798
13807
13811
13818
13819
13821
13822
13824
13825
13831
13832
13835
13851
13860
13863
13865
13870
13872
13876
13877
13886
13887
13889
13890
13892
13894
13899
13904
13913
13919
13920
13924
13930
13932
13934
13935
13936
13942
13944
13947
13953
13956
13959
13966
13968
13972
13975
13985
13986
13993
13998
13999
14008
14017
14019
14025
14033
14036
14039
14040
14041
14043
14050
14051
14061
14064
14065
14066
14071
14076
14084
14092
14093
14103
14111
14112
14122
14133
14138
14139
14147
14158
14161
14168
14173
14174
14182
14186
14188
14190
14192
14202
14203
14212
14219
14223
14225
14226
14230
14231
14235
14243
14257
14259
14267
14268
14275
14281
14294
14308
14309
14319
14323
14324
14338
14339
14343
14344
14350
14369
14382
14386
14391
14394
14400
14407
14411
14415
14418
14420
14427
14430
14434
14437
14438
14439
14441
14442
14444
14461
14463
14464
14470
14482
14483
14492
14497
14503
14505
14506
14507
14508
14509
14510
14514
14518
14523
14530
14538
14541
14551
14552
14572
14573
14575
14594
14607
14608
14609
14610
14612
14619
14623
14639
14652
14657
14659
14661
14664
14665
14667
14672
14675
14683
14684
14685
14687
14693
14695
14698
14699
14705
14712
14717
14723
14725
14726
14727
14728
14729
14730
14737
14741
14744
14755
14761
14762
14764
14782
14784
14785
14786
14787
14789
14802
14806
14816
14825
14830
14839
14840
14850
14852
14859
14861
14862
14871
14874
14880
14884
14894
14895
14896
14900
14901
14905
14908
14911
14930
14935
14937
14944
14946
14958
14962
14966
14974
14982
14985
14986
14987
14996
15003
15005
15009
15031
15035
15036
15038
15039
15040
15052
15059
15068
15084
15086
15099
15101
15108
15114
15117
15118
15126
15134
15147
15151
15158
15160
15164
15173
15176
15183
15184
15187
15193
15197
15198
15199
15202
15208
15209
15212
15220
15228
15235
15239
15240
15244
15258
15266
15269
15273
15278
15279
15283
15288
15289
15296
15297
15298
15299
15300
15310
15311
15313
15314
15315
15318
15323
15324
15325
15329
15331
15332
15342
15345
15353
15358
15360
15362
15376
15379
15380
15383
15384
15391
15393
15398
15399
15403
15408
15409
15417
15425
15426
15429
15431
15433
15434
15441
15444
15449
15464
15469
15475
15489
15493
15495
15498
15501
15507
15512
15517
15518
15520
15522
15523
15532
15535
15539
15542
15545
15549
15557
15578
15582
15583
15594
15598
15605
15616
15623
15638
15654
15655
15659
15662
15669
15676
15682
15689
15691
15697
15701
15709
15712
15713
15717
15729
15739
15742
15753
15762
15763
15766
15768
15774
15777
15782
15784
15785
15787
15789
15792
15794
15807
15810
15815
15817
15822
15823
15837
15839
15842
15851
15856
15866
15871
15876
15888
15896
15904
15907
15915
15919
15920
15922
15924
15947
15955
15962
15972
15973
15985
15990
15992
15994
15996
16005
16024
16030
16032
16047
16057
16058
16062
16071
16074
16077
16080
16083
16084
16089
16091
16093
16097
16107
16108
16110
16131
16135
16141
16159
16160
16162
16178
16180
16188
16198
16199
16206
16207
16209
16212
16214
16215
16234
16235
16246
16249
16251
16259
16262
16263
16264
16269
16280
16285
16303
16309
16313
16317
16321
16328
16334
16343
16348
16360
16362
16363
16364
16371
16385
16392
16404
16412
16417
16422
16426
16427
16430
16433
16437
16440
16441
16445
16446
16447
16449
16452
16456
16460
16464
16472
16473
16476
16477
16479
16481
16490
16493
16504
16507
16508
16511
16515
16517
16524
16531
16534
16540
16548
16550
16553
16562
16566
16575
16576
16577
16578
16579
16580
16583
16588
16598
16607
16610
16615
16617
16624
16631
16632
16637
16642
16648
16649
16654
16656
16659
16665
16668
16669
16671
16690
16706
16707
16719
16721
16725
16736
16738
16740
16744
16752
16756
16762
16767
16783
16789
16801
16803
16804
16818
16832
16853
16855
16857
16869
16870
16874
16887
16898
16903
16904
16906
16908
16919
16921
16925
16927
16930
16933
16960
16961
16968
16978
16985
16995
16997
17008
17017
17021
17024
17027
17034
17036
17041
17056
17061
17065
17066
17075
17088
17089
17100
17107
17112
17113
17114
17126
17128
17131
17133
17137
17140
17143
17153
17155
17157
17159
17165
17190
17192
17193
17194
17200
17212
17213
17215
17220
17221
17237
17241
17251
17257
17277
17279
17288
17291
17293
17296
17303
17316
17323
17325
17334
17349
17350
17356
17379
17387
17388
17389
17392
17400
17402
17419
17421
17434
17442
17445
17451
17453
17454
17467
17469
17484
17491
17499
17500
17501
17517
17520
17530
17540
17550
17558
17561
17564
17568
17569
17570
17571
17589
17591
17604
17613
17631
17633
17645
17650
17652
17654
17667
17679
17685
17689
17690
17698
17701
17702
17706
17712
17726
17732
17735
17736
17743
17747
17752
17753
17759
17767
17770
17778
17784
17796
17801
17803
17804
17805
17808
17810
17811
17816
17820
17835
17837
17839
17850
17851
17858
17862
17867
17869
17874
17889
17898
17900
17907
17918
17920
17921
17940
17949
17963
17965
17968
17979
17980
17988
17989
17991
18011
18013
18015
18016
18017
18019
18028
18035
18037
18038
18041
18049
18058
18066
18068
18081
18084
18086
18093
18097
18108
18116
18124
18128
18133
18142
18146
18149
18156
18165
18168
18172
18185
18186
18187
18193
18203
18204
18237
18238
18242
18249
18253
18264
18267
18268
18276
18296
18303
18309
18328
18332
18339
18349
18364
18377
18403
18417
18419
18425
18426
18433
18444
18446
18460
18465
18479
18480
18504
18508
18522
18536
18553
18554
18555
18561
18563
18573
18574
18583
18586
18596
18604
18608
18611
18617
18620
18621
18639
18648
18649
18660
18664
18666
18670
18678
18684
18687
18698
18699
18702
18704
18705
18708
18713
18717
18724
18726
18730
18731
18733
18739
18744
18749
18751
18760
18768
18778
18779
18792
18795
18800
18815
18823
18826
18830
18831
18834
18844
18861
18867
18885
18890
18903
18909
18913
18924
18925
18928
18932
18934
18938
18941
18956
18968
18969
18974
18981
18987
18990
18994
19007
19012
19013
19016
19020
19024
19025
19026
19031
19032
19033
19035
19042
19048
19058
19059
19065
19080
19085
19088
19089
19095
19100
19107
19109
19121
19125
19127
19128
19135
19136
19169
19170
19171
19183
19185
19189
19192
19200
19205
19207
19209
19211
19212
19222
19223
19231
19235
19251
19257
19266
19267
19273
19275
19287
19300
19305
19306
19308
19317
19319
19323
19338
19349
19352
19355
19359
19364
19371
19373
19375
19380
19385
19390
19391
19405
19406
19410
19413
19414
19417
19425
19434
19460
19463
19473
19488
19497
19498
19523
19541
19544
19567
19569
19572
19579
19594
19598
19602
19606
19621
19636
19639
19641
19650
19658
19660
19672
19687
19694
19695
19705
19708
19710
19711
19715
19716
19720
19721
19727
19736
19737
19743
19748
19754
19756
19760
19767
19769
19781
19784
19791
19807
19816
19817
19821
19825
19828
19831
19836
19838
19845
19857
19865
19869
19873
19881
19894
19895
19900
19902
19910
19912
19917
19921
19931
19935
19938
19948
19951
19953
19955
19959
19968
19977
19984
19987
19990
19995
19996
19998
20001
20020
20037
20043
20055
20058
20063
20097
20098
20099
20104
20113
20117
20119
20136
20137
20147
20148
20157
20163
20180
20187
20197
20200
20201
20224
20233
20235
20251
20253
20255
20270
20281
20290
20291
20293
20296
20312
20317
20335
20337
20338
20347
20351
20359
20365
20376
20380
20385
20387
20392
20402
20404
20422
20442
20445
20446
20449
20454
20457
20462
20463
20482
20490
20492
20498
20509
20510
20511
20512
20514
20517
20520
20521
20559
20560
20563
20568
20573
20574
20580
20581
20590
20592
20596
20603
20605
20610
20611
20616
20620
20624
20625
20633
20635
20640
20650
20653
20654
20657
20658
20664
20666
20667
20676
20677
20678
20685
20705
20706
20707
20709
20715
20723
20730
20731
20739
20740
20741
20748
20751
20762
20768
20772
20776
20779
20803
20811
20818
20823
20824
20828
20834
20836
20881
20883
20910
20929
20936
20938
20945
20958
20980
20984
20986
20989
20991
20998
21007
21033
21054
21059
21060
21067
21070
21073
21086
21090
21109
21132
21135
21136
21137
21142
21145
21160
21166
21176
21179
21181
21190
21201
21204
21213
21224
21242
21244
21250
21264
21267
21272
21275
21276
21277
21285
21288
21290
21291
21297
21301
21308
21339
21340
21345
21351
21363
21369
21372
21378
21380
21383
21387
21391
21404
21408
21413
21417
21431
21433
21447
21449
21464
21465
21466
21478
21506
21508
21515
21526
21528
21532
21534
21537
21538
21542
21547
21556
21561
21567
21568
21573
21583
21587
21591
21606
21609
21613
21621
21628
21640
21645
21647
21650
21661
21663
21664
21691
21692
21696
21700
21701
21719
21726
21739
21752
21753
21767
21771
21772
21795
21799
21809
21823
21833
21834
21836
21837
21842
21843
21849
21860
21865
21881
21882
21885
21898
21902
21907
21910
21923
21932
21939
21948
21951
21957
21997
22002
22040
22041
22045
22055
22072
22083
22084
22086
22093
22096
22101
22106
22114
22124
22125
22127
22146
22166
22169
22185
22188
22191
22205
22228
22231
22240
22243
22256
22263
22266
22275
22276
22278
22294
22301
22336
22340
22346
22350
22357
22361
22372
22386
22388
22399
22406
22418
22421
22443
22458
22461
22471
22473
22482
22494
22495
22504
22508
22515
22521
22523
22530
22535
22536
22549
22552
22562
22569
22573
22574
22578
22605
22607
22620
22621
22623
22644
22654
22676
22697
22700
22705
22717
22722
22725
22730
22752
22756
22765
22767
22768
22776
22778
22781
22787
22797
22798
22802
22818
22822
22824
22828
22835
22839
22841
22843
22848
22855
22856
22866
22869
22870
22881
22884
22891
22910
22923
22941
22955
22983
23017
23029
23034
23043
23065
23080
23090
23097
23112
23113
23119
23137
23141
23163
23192
23197
23200
23203
23204
23215
23223
23230
23232
23240
23256
23273
23281
23315
23324
23326
23339
23343
23352
23357
23391
23398
23401
23403
23405
23406
23418
23426
23439
23469
23474
23477
23482
23504
23520
23531
23535
23546
23555
23556
23570
23594
23601
23619
23651
23654
23659
23668
23673
23680
23695
23698
23703
23704
23710
23730
23752
23758
23787
23789
23796
23807
23812
23831
23846
23850
23851
23854
23859
23866
23874
23881
23896
23924
23932
23945
23947
23952
23956
23968
23969
23973
24004
24010
24016
24019
24042
24056
24060
24070
24076
24088
24093
24098
24122
24125
24134
24136
24151
24169
24192
24221
24245
24287
24291
24294
24300
24301
24312
24313
24321
24324
24329
24349
24352
24364
24372
24378
24382
24391
24406
24410
24441
24459
24468
24485
24486
24502
24504
24509
24521
24525
24546
24548
24549
24588
24611
24613
24623
24633
24679
24687
24688
24693
24703
24709
24711
24717
24721
24724
24727
24732
24750
24783
24825
24828
24829
24841
24856
24865
24875
24879
24892
24893
24894
24930
24944
24950
24971
24980
24981
24995
25018
25025
25035
25037
25043
25053
25075
25081
25089
25099
25104
25106
25112
25121
25131
25161
25166
25184
25203
25204
25225
25236
25254
25255
25275
25297
25301
25319
25326
25328
25329
25345
25348
25349
25352
25354
25361
25384
25385
25396
25447
25473
25481
25494
25501
25513
25521
25534
25538
25542
25549
25554
25560
25597
25600
25615
25635
25652
25690
25709
25740
25744
25746
25754
25771
25789
25790
25792
25793
25797
25828
25829
25839
25841
25868
25894
25919
25955
25962
25967
25975
25978
25982
25997
26065
26071
26092
26095
26102
26118
26130
26136
26153
26165
26206
26223
26228
26255
26256
26277
26287
26294
26295
26302
26324
26343
26344
26353
26387
26394
26417
26420
26436
26460
26481
26541
26544
26548
26641
26650
26665
26673
26676
26684
26704
26718
26720
26722
26739
26741
26746
26766
26785
26791
26798
26821
26822
26829
26833
26841
26843
26845
26872
26893
26901
26913
26926
26939
26940
26946
26952
26987
26989
26993
27013
27019
27024
27037
27043
27051
27052
27072
27109
27117
27119
27132
27151
27155
27161
27186
27195
27210
27213
27216
27239
27246
27269
27296
27297
27331
27337
27348
27379
27416
27441
27444
27454
27459
27460
27467
27482
27492
27493
27503
27516
27605
27614
27618
27638
27690
27713
27725
27770
27775
27779
27805
27827
27832
27850
27870
27890
27903
27904
27918
28010
28022
28024
28092
28094
28097
28109
28110
28114
28123
28136
28146
28147
28154
28160
28186
28196
28236
28266
28286
28290
28339
28341
28397
28406
28407
28430
28520
28525
28535
28564
28575
28585
28611
28627
28636
28641
28680
28685
28701
28724
28735
28743
28791
28806
28834
28891
28900
28909
28972
29035
29043
29046
29080
29135
29143
29150
29152
29176
29177
29210
29214
29217
29241
29260
29261
29280
29284
29286
29295
29356
29371
29388
29404
29416
29462
29481
29483
29521
29536
29543
29545
29575
29577
29583
29621
29632
29674
29711
29713
29721
29750
29791
29795
29799
29811
29817
29842
29860
30003
30029
30068
30148
30171
30175
30178
30181
30234
30260
30271
30310
30371
30391
30421
30443
30455
30494
30511
30522
30546
30590
30592
30650
30674
30698
30699
30752
30781
30807
30808
30852
30859
30920
30927
30968
31016
31035
31051
31089
31117
31121
31124
31168
31246
31253
31263
31305
31330
31348
31386
31406
31412
31440
31448
31541
31588
31591
31627
31656
31681
31684
31700
31721
31735
31753
31756
31777
31786
31800
31821
31827
31869
31911
31918
31970
32079
32129
32156
32230
32258
32283
32315
32381
32437
32451
32482
32675
32708
32718
32788
32824
32835
32848
32864
32911
32924
32950
33014
33033
33038
33041
33047
33050
33075
33147
33189
33257
33293
33298
33301
33325
33382
33398
33503
33552
33589
33598
33646
33867
33871
33911
33919
34004
34038
34070
34089
34127
34131
34184
34187
34188
34225
34226
34239
34313
34355
34385
34409
34466
34482
34529
34604
34607
34610
34612
34652
34737
34801
34896
34909
34911
34917
34922
34924
34949
35196
35202
35213
35267
35280
35324
35425
35450
35461
35474
35545
35614
35635
35641
35642
35669
35698
35700
35743
35794
35826
35849
35978
36090
36117
36162
36197
36201
36244
36245
36265
36280
36295
36325
36327
36376
36384
36423
36453
36470
36494
36519
36524
36545
36607
36615
36704
36730
36742
36745
36785
36844
36909
36928
36942
37032
37043
37058
37105
37121
37142
37190
37300
37360
37398
37433
37437
37464
37474
37486
37511
37519
37570
37668
37700
37714
37751
37758
37817
37879
37907
37952
38001
38032
38070
38073
38084
38141
38180
38182
38188
38228
38268
38272
38306
38334
38425
38454
38510
38526
38552
38569
38706
38743
38759
38788
38847
38858
38965
39091
39095
39099
39262
39333
39392
39465
39538
39666
39757
39765
39766
39813
39922
39998
40023
40037
40069
40179
40213
40222
40228
40289
40300
40335
40365
40390
40468
40546
40558
40838
40912
41024
41086
41151
41288
41363
41368
41401
41427
41518
41544
41645
41646
41665
41692
41757
41849
41908
42053
42126
42231
42241
42264
42267
42283
42509
42739
42750
42793
42835
43039
43127
43212
43278
43368
43396
43509
43683
43756
43760
43881
44010
44127
44217
44345
44422
44515
44635
44814
44830
44861
44903
44983
44995
45024
45164
45340
45427
45473
45633
45643
45839
45871
45876
45951
46008
46073
46143
46242
46262
46277
46300
46341
46388
46439
46447
46508
46570
46590
46707
46743
46764
47036
47186
47269
47301
47464
47528
47600
47621
47726
47737
47740
47802
47850
47859
48291
48318
48335
48344
48421
48530
48538
48763
48956
48982
49219
49288
49378
49447
49455
49464
49570
49603
49680
49886
49959
50045
50327
50471
50620
50694
50808
50888
50960
51096
51159
51381
51382
51555
51609
51818
52029
52045
52141
52143
52159
52388
52441
52823
52832
52886
52903
52997
53043
53086
53278
53355
53414
53618
53755
54010
54025
54067
54149
54443
54559
54716
54776
54912
55013
55136
55161
55401
55403
55431
55485
55527
55685
55752
55986
56153
56308
56350
56382
56441
56590
56646
56734
56993
57240
57505
57676
57772
58021
58078
58134
58172
58186
58408
58552
58698
58834
59108
59226
59230
59288
59337
59347
59408
59527
59846
59969
59994
60170
61071
61203
61273
61553
61590
61845
61909
61921
61957
62113
62131
62313
62429
62692
62855
62876
63107
63218
63782
63923
64689
64850
65272
65358
65472
65490
65672
65705
65802
66069
66354
66428
66610
66695
66837
66912
66936
67052
67167
67241
67396
67398
67624
67816
68114
68268
68354
68672
68734
68776
68850
69064
69076
69319
69394
69407
69428
69439
69454
69515
69684
69704
70047
70554
70615
70815
71157
71335
71385
71389
71404
71547
71764
71843
71925
72289
72467
72487
72824
73183
73463
73505
73560
73678
73853
74202
74363
74500
74590
74828
75453
75614
75715
75971
76087
76156
76161
76194
76910
76958
76995
77338
77512
77730
78065
78393
78420
79109
79273
79554
79615
79784
79839
79979
80085
80453
80867
81159
81505
81762
81985
82009
82222
82261
82309
82328
82342
82401
82613
83259
83467
83492
83890
84021
84121
84217
84305
84356
84367
84758
84917
84925
85099
85733
85756
85994
86796
87121
87497
87837
87956
87973
88014
88051
88059
88105
88342
89239
89484
89621
89818
90080
90646
90741
91032
91231
92185
92188
93067
93298
93405
94111
94250
94457
94528
94922
94994
95025
95135
95196
96238
96311
96610
97247
97547
97619
97841
98519
98698
98874
99687
99752
100304
100828
101740
101942
102224
102545
102597
102695
104187
104306
104930
105362
105377
105928
107195
108777
108816
108860
109149
110653
110845
111004
111689
113018
113270
114715
115537
115598
115935
116085
116367
117824
120055
120777
120948
122107
122717
122868
124006
124621
125253
126888
127239
127498
127702
128351
130279
130810
130844
131273
131313
131419
132166
132338
132857
133601
135287
136452
136957
137027
137299
137398
138101
139877
142528
147358
147959
151800
152873
154230
162461
162673
164031
164039
165885
170539
173968
176823
176862
177417
177720
178455
179122
180043
180378
180724
183320
183855
185726
188171
190020
190635
192245
192978
199980
200284
201369
202892
207122
216846
220200
220227
221939
224205
225117
227289
228556
230802
231412
234735
239593
241525
243595
247112
247232
256828
257510
259377
261784
267251
267437
267996
269408
273433
275647
278498
282834
286746
287583
287884
289948
294178
305105
326664
356393
383941
388536
418789
419175
423539
434891
435343
454614
486076
506333
506608
508595
511777
511778
511779
511802
511805
511807
511820
511841
511842
511846
511853
511861
511869
511872
511873
511899
511900
511901
511931
511935
511955
511956
511957
511960
511982
511995
512011
512041
512042
512045
512047
512070
512118
512156
512159
512166
512186
512187
512192
512248
512263
512273
512305
512312
512314
512319
512326
512347
512348
512350
512355
512362
512363
512375
512390
512434
512455
512459
512460
512496
512513
512514
512515
512579
512580
512581
512606
512608
512660
512662
512673
512701
512722
512734
512745
512746
512750
512788
512823
512824
512841
512842
512845
512855
512859
512862
512863
512883
512899
512903
512926
512927
512928
512935
512937
513029
513033
513034
513041
513042
513058
513059
513081
513091
513095
513096
513102
513117
513125
513127
513128
513129
513131
513132
513133
513147
513149
513163
513174
513177
513184
513283
513284
513312
513344
513345
513346
513376
513413
513421
513425
513433
513463
513464
513506
513513
513517
513518
513520
513554
513575
513591
513593
513601
513603
513649
513650
513651
513652
513654
513663
513678
513702
513707
513766
513767
513768
513791
513795
513817
513818
513886
513887
513911
513932
514009
514018
514036
514042
514045
514053
514077
514125
514126
514195
514244
514251
514252
514277
514283
514360
514378
514405
514424
514425
514510
514522
514532
514543
514554
514555
514622
514666
514677
514680
514701
514706
514729
514803
514853
514876
514881
514891
514922
514925
514945
514946
514948
514980
514983
514987
515002
515009
515015
515030
515034
515048
515056
515069
515070
515082
515091
515130
515158
515161
515192
515193
515210
515221
515232
515234
515254
515275
515276
515294
515295
515301
515346
515367
515420
515423
515424
515458
515463
515464
515480
515518
515538
515551
515577
515578
515579
515580
515605
515643
515675
515743
515760
515771
515772
515788
515810
515811
515906
515933
515951
515961
515989
515990
515998
516001
516097
516110
516131
516132
516134
516162
516196
516205
516221
516225
516246
516247
516249
516256
516258
516295
516344
516381
516409
516448
516450
516468
516483
516522
516524
516525
516618
516663
516668
516692
516742
516772
516826
516889
516917
516919
516957
516967
517048
517050
517059
517095
517098
517101
517153
517212
517229
517234
517248
517264
517333
517337
517351
517354
517355
517368
517375
517401
517417
517418
517424
517458
517509
517512
517519
517548
517588
517603
517630
517677
517702
517722
517735
517736
517737
517763
517817
517997
517998
518012
518013
518041
518051
518052
518079
518121
518176
518194
518253
518263
518275
518293
518294
518363
518375
518437
518488
518490
518589
518690
518707
518777
518778
518790
518830
518833
518889
519012
519065
519097
519121
519128
519129
519131
519132
519140
519141
519143
519144
519186
519230
519242
519260
519284
519291
519296
519297
519300
519315
519325
519328
519329
519331
519332
519343
519347
519365
519368
519371
519373
519387
519392
519398
519401
519419
519420
519421
519422
519501
519517
519518
519519
519531
519532
519553
519567
519572
519573
519591
519592
519593
519616
519619
519633
519655
519692
519716
519717
519724
519753
519761
519772
519818
519850
519862
519864
519866
519868
519877
519879
519889
519902
519903
519904
519906
519907
519908
519909
519914
519917
519920
519922
519925
519926
519939
519941
519944
519947
519970
519974
520002
520003
520014
520020
520022
520024
520028
520029
520034
520039
520040
520081
520082
520083
520084
520086
520088
520090
520119
520146
520151
520154
520168
520169
520188
520198
520205
520236
520337
520338
520366
520379
520389
520393
520401
520410
520432
520435
520439
520442
520466
520468
520479
520487
520510
520513
520516
520573
520576
520580
520581
520590
520606
520613
520651
520654
520721
520723
520727
520773
520787
520789
520792
520809
520812
520817
520818
520889
520916
521014
521018
521021
521026
521059
521063
521086
521088
521099
521100
521126
521129
521146
521150
521157
521158
521189
521191
521194
521195
521209
521210
521212
521217
521225
521290
521292
521309
521323
521324
521325
521326
521351
521352
521360
521375
521404
521409
521437
521438
521439
521448
521450
521454
521455
521457
521490
521526
521527
521545
521575
521577
521580
521581
521584
521586
521587
521589
521596
521597
521626
521634
521635
521637
521646
521650
521652
521662
521664
521671
521679
521682
521687
521688
521690
521693
521694
521703
521707
521708
521713
521736
521758
521761
521762
521763
521764
521778
521783
521812
521813
521814
521935
521940
521971
521975
521977
521981
522344
522346
522348
522349
522387
522405
522407
522410
522415
522419
522434
522444
522448
522465
522715
522745
522749
522750
522759
522760
522789
522806
522807
522808
522809
522813
522823
522828
522853
522857
522916
522917
522972
522984
522987
522991
522994
523022
523035
523043
523059
523060
523317
523347
523351
523385
523425
523430
523432
523434
523503
523512
523528
523537
523538
523544
523561
523564
523581
523591
523624
523625
523627
523628
523632
523636
523648
523672
523684
523715
523716
523772
523776
523786
523788
523808
523816
523828
523833
523834
523842
523860
523895
523921
523985
523987
524000
524016
524018
524054
524055
524056
524058
524063
524067
524068
524073
524074
524075
524120
524123
524133
524134
524164
524166
524170
524207
524208
524212
524213
524215
524238
524241
524244
524246
524247
524270
524274
524286
524292
524296
524300
524337
524338
524351
524375
524381
524458
524501
524503
524504
524512
524521
524522
524523
524524
524526
524528
524596
524627
524641
524668
524708
524717
524747
524756
524789
524795
524804
524845
524876
524881
524883
524893
524949
524989
525015
525026
525066
525105
525350
525353
525354
525355
525393
525423
525439
525448
525452
525456
525460
525496
525497
525529
525552
525615
525676
525731
525777
525780
525787
525804
525821
525896
525898
525959
525979
526031
526032
526035
526086
526143
526146
526311
526468
526472
526548
526552
526827
526836
526837
526918
527149
527150
527163
527199
527243
527282
527318
527320
527357
527409
527410
527469
527470
527475
527523
527524
527577
527588
527653
527690
527795
528100
529002
529023
529069
529175
529200
529268
529293
529298
529318
529330
529344
529378
529385
529413
529424
529429
529455
529456
529457
529458
529516
529519
529549
529550
529571
529665
529807
529808
529811
529826
529847
529984
529985
530067
530154
530167
530179
530190
530293
530339
530415
530608
530685
530777
530790
530798
530799
530850
530875
530877
530938
530939
530941
530945
530997
531009
531131
531133
531273
531277
531278
531383
531452
531557
531558
531581
531583
531632
531678
531680
531681
531682
531685
531755
531768
531836
531839
531863
531864
531867
531914
531985
532000
532010
532011
532051
532055
532124
532125
532419
532421
532435
532568
532571
532582
532637
532655
532704
532751
532766
532767
532768
532800
532823
532827
532838
532839
532906
532909
532920
532942
532947
533062
533064
533103
533123
533155
533223
533274
533431
533442
533480
533481
533482
533588
533590
533662
533704
533705
533709
533724
533725
533747
533914
533916
533917
534038
534040
534134
534301
534420
535347
535381
535675
535835
536054
536057
536208
536345
536441
536550
537135
537383
537514
537659
539167
539226
539322
539507
540283
543902
544258
544285
544359
544496
545182
547655
551294
553807
555318
555322
555342
555383
555384
555385
555488
555498
555705
555707
555715
555727
555746
555747
555751
555811
555985
556261
556303
556346
556347
556574
556694
556994
557192
557352
557380
558344
558652
558793
558854
558868
558869
558970
559105
559106
559324
559410
559532
559533
560327
560489
560878
561511
563537
563873
564174
564824
565685
565974
566769
567693
568134
568155
569848
570126
570458
572057
578193
578194
578647
579911
579996
580544
581091
581108
581422
582265
582433
582877
588399
900547
900744
915497
915735
917516
918582
920537
941628
374042364
465143833
715312637
