100300689
104899412
106408877
106598523
108035966
108120314
109954551
112146519
114027090
114513094
117891411
124013186
136952435
139999560
140973474
141683419
147129981
148596692
152021244
155121656
157535457
158567970
165270368
167852655
172946857
173562847
178629965
180399551
182088449
182808535
184431884
186681283
186814810
186938973
187767816
191886286
195865414
205495166
214932514
217151140
220674632
221902203
224283132
224554586
227358394
231553389
232360114
235096351
235223546
236543341
237359175
238931583
239655981
243002051
243825265
245473402
247472427
256049980
262569646
263942647
266060990
267732319
269988425
273113561
274921219
278923975
278990439
279062605
282712210
282712219
283272650
284648804
284824010
288534781
291952906
294129609
297234798
299515229
306163610
309618447
310783723
316528272
325869211
325904411
327157341
329151582
330247247
331468102
332311359
332372686
338943586
339040167
339369179
343270274
347341219
348557616
351706382
354497701
357299495
357349923
358864343
361863946
364695012
365708046
368897422
370224164
372020477
372657698
373731163
383718899
391549736
399711541
403778932
410241524
414149332
415339268
417179249
418017143
418240396
419681372
421869030
425021639
428174816
429895640
438952550
440063323
441742470
442901510
451409542
455486266
462307696
462821739
465459263
465967317
469404065
473853801
475416216
477463411
480770165
482837901
488066420
488920980
491015374
491380170
495091394
495556937
503238009
504551401
506612775
509824216
511995846
513955718
517175314
519452100
522628093
522686729
523737169
523954451
524106197
525228176
528024402
528539330
532264877
533891127
534804145
538130786
547113570
547858284
550338874
551291165
552442832
552630900
553330639
560354976
562867631
564375402
572299962
573203907
578316751
585534789
588845668
594153297
594514200
596571308
599895285
602541453
606944789
610706055
612667133
625367148
632160141
636773482
641460588
647108067
647254503
654089975
655011478
656701357
656778029
656835175
657747269
661851873
662231300
662533829
668192214
670093947
671395124
671529189
673762078
674377733
678335426
681392275
681902514
684982375
685348650
686122506
686264169
686299975
686378101
688379751
691311969
694299365
694374491
699885627
702848460
703756465
703869507
704354323
706635055
711174379
712284270
712341565
714157139
714372639
715378788
721466335
726505873
728377509
730497460
731479445
734413094
736512191
737514248
747188763
748148374
750766227
757093618
759368047
760276468
763683714
767029821
768728101
770061276
771150530
772526082
772738620
776604411
780113634
780686006
789301714
791271159
795301843
802651433
803785286
804000247
810879317
811486377
812993233
814171734
814618252
816750282
817240784
818820908
821165729
822378040
825880284
826211294
834482811
841508743
841519953
841912181
848223933
848755352
860486294
860658532
861498447
863701320
863986642
867008754
872648559
873556046
875690496
879442096
879872047
879944619
880280891
881568589
888438494
896638620
900916441
901057987
