2
5
7
19
20
21
22
23
27
29
30
31
32
35
36
37
39
41
42
43
44
46
47
49
50
51
52
53
54
56
59
61
64
65
67
69
71
72
75
77
78
79
80
81
82
83
86
88
89
90
91
92
93
94
95
96
97
100
101
104
105
106
107
108
109
111
112
115
117
118
119
120
124
127
133
134
135
139
141
142
149
151
152
153
154
155
158
159
160
161
162
165
166
168
169
170
171
172
173
179
181
182
183
185
186
189
190
193
194
195
201
203
204
205
206
207
208
209
216
218
220
221
223
224
226
228
229
231
232
233
234
235
237
238
239
240
241
243
244
245
248
249
250
251
252
253
254
256
258
259
260
261
263
264
267
270
272
273
275
276
277
278
279
280
282
283
284
285
289
291
293
294
295
296
297
298
299
302
303
305
310
312
313
315
318
319
320
321
324
325
326
328
330
331
334
336
338
339
340
347
348
351
356
358
359
360
363
368
369
372
376
377
379
381
382
384
387
388
390
391
392
393
394
395
396
397
398
400
404
405
407
408
409
411
412
413
414
415
416
417
419
420
421
422
423
427
428
430
433
434
437
439
440
444
445
448
449
452
454
458
459
465
466
469
473
477
478
480
482
484
486
488
489
491
492
493
495
498
502
503
506
507
512
513
517
519
522
525
527
528
530
533
537
544
545
549
550
551
552
556
559
560
562
566
567
569
570
571
575
581
586
589
592
593
595
597
599
602
603
605
607
610
612
614
621
622
623
624
625
628
630
631
632
633
634
635
636
637
638
640
643
644
646
647
652
656
657
658
659
660
662
663
666
668
677
679
680
681
682
684
688
691
692
695
697
698
700
702
707
715
716
717
720
724
725
726
732
734
735
737
742
745
746
747
748
751
753
756
759
760
761
764
767
768
775
776
777
779
780
781
783
787
788
791
794
798
800
802
804
808
810
812
817
818
822
824
828
829
831
832
834
835
836
838
840
842
843
848
851
854
855
857
859
862
866
867
868
873
874
876
878
879
880
882
889
890
891
897
900
907
912
916
917
918
924
926
927
929
930
935
936
937
938
939
940
943
948
950
951
952
955
959
960
961
964
967
968
971
973
975
977
980
981
982
983
986
988
992
994
995
996
1000
1003
1006
1007
1015
1017
1018
1024
1037
1040
1042
1043
1046
1048
1051
1052
1053
1054
1058
1061
1066
1077
1079
1082
1086
1093
1097
1104
1109
1114
1118
1121
1130
1131
1133
1143
1144
1148
1153
1154
1156
1158
1161
1164
1165
1168
1170
1192
1196
1198
1200
1204
1205
1211
1212
1214
1221
1226
1228
1229
1232
1233
1236
1243
1244
1245
1246
1247
1255
1256
1258
1264
1265
1272
1276
1277
1287
1291
1293
1294
1296
1303
1309
1316
1317
1318
1325
1328
1330
1331
1332
1333
1337
1341
1348
1354
1355
1357
1361
1362
1364
1366
1369
1370
1371
1372
1374
1378
1379
1393
1396
1398
1399
1403
1407
1408
1411
1414
1417
1422
1427
1428
1429
1433
1435
1441
1445
1446
1453
1455
1457
1459
1463
1466
1469
1472
1477
1479
1482
1483
1484
1485
1487
1489
1491
1492
1496
1505
1506
1508
1512
1517
1518
1521
1525
1526
1532
1533
1536
1537
1543
1544
1549
1553
1556
1560
1565
1567
1569
1571
1578
1579
1581
1585
1588
1598
1599
1600
1603
1605
1608
1611
1615
1626
1634
1635
1638
1641
1646
1657
1658
1659
1662
1666
1671
1675
1676
1683
1689
1691
1706
1711
1720
1721
1743
1748
1759
1764
1767
1769
1775
1777
1778
1780
1781
1784
1786
1794
1802
1805
1806
1809
1810
1813
1819
1820
1821
1825
1826
1828
1830
1836
1845
1853
1856
1859
1862
1863
1869
1875
1876
1877
1879
1882
1893
1898
1902
1912
1916
1922
1933
1939
1941
1943
1947
1952
1954
1957
1958
1960
1963
1971
1975
1986
1987
1990
1992
1996
1998
1999
2000
2001
2006
2007
2009
2010
2011
2018
2021
2022
2026
2027
2039
2041
2045
2048
2049
2052
2054
2058
2062
2065
2066
2073
2078
2081
2082
2083
2090
2091
2095
2101
2108
2110
2116
2122
2125
2138
2155
2165
2167
2176
2177
2187
2196
2199
2205
2225
2227
2234
2236
2238
2240
2243
2245
2253
2266
2274
2285
2286
2303
2314
2316
2322
2330
2334
2338
2341
2343
2351
2361
2363
2370
2371
2374
2381
2382
2389
2392
2397
2407
2410
2419
2427
2431
2444
2445
2447
2452
2456
2458
2467
2490
2495
2496
2498
2511
2515
2519
2527
2528
2531
2557
2585
2586
2603
2612
2617
2626
2633
2641
2644
2656
2658
2666
2672
2683
2692
2698
2708
2725
2751
2768
2778
2779
2790
2798
2805
2808
2811
2822
2837
2839
2845
2848
2850
2853
2863
2864
2865
2872
2885
2888
2895
2896
2902
2912
2917
2918
2924
2929
2930
2935
2944
2946
2948
2961
2970
2992
3009
3013
3019
3030
3031
3036
3042
3053
3067
3071
3076
3077
3079
3084
3103
3104
3119
3129
3137
3138
3143
3150
3153
3160
3169
3187
3190
3191
3204
3207
3216
3219
3232
3235
3237
3256
3263
3270
3271
3274
3277
3279
3303
3319
3322
3327
3328
3330
3334
3345
3350
3351
3355
3360
3368
3369
3386
3403
3405
3409
3450
3454
3458
3459
3461
3481
3484
3490
3493
3498
3517
3518
3525
3533
3535
3549
3564
3567
3568
3590
3591
3597
3613
3614
3619
3623
3635
3638
3661
3664
3666
3671
3672
3700
3711
3717
3718
3728
3736
3764
3773
3798
3799
3801
3808
3858
3864
3875
3876
3890
3902
3918
3919
3920
3985
3988
4004
4021
4037
4040
4065
4073
4086
4088
4091
4099
4106
4107
4124
4126
4142
4165
4167
4212
4226
4263
4265
4312
4315
4321
4325
4329
4342
4392
4412
4429
4467
4470
4480
4481
4487
4492
4499
4503
4510
4528
4537
4559
4568
4580
4581
4623
4626
4634
4635
4640
4651
4652
4654
4671
4675
4694
4703
4722
4727
4751
4752
4762
4773
4807
4825
4828
4829
4841
4850
4864
4866
4868
4883
4889
4924
4978
4981
4994
5000
5027
5039
5061
5074
5152
5174
5191
5199
5240
5245
5255
5256
5261
5283
5313
5324
5326
5334
5376
5391
5413
5440
5457
5461
5462
5476
5480
5537
5544
5554
5593
5594
5604
5620
5633
5663
5669
5683
5701
5712
5725
5730
5736
5762
5813
5815
5823
5838
5849
5855
5873
5878
5884
5895
5916
5921
5926
5930
5964
5976
6005
6009
6017
6022
6059
6063
6073
6079
6082
6128
6130
6152
6170
6236
6243
6263
6268
6272
6310
6369
6372
6420
6442
6443
6467
6472
6484
6497
6503
6511
6516
6526
6535
6539
6575
6601
6603
6617
6631
6636
6638
6712
6731
6753
6781
6790
6796
6798
6808
6811
6817
6824
6826
6834
6853
6872
6919
6920
6937
6971
6973
6986
7036
7059
7072
7151
7219
7220
7266
7268
7294
7315
7324
7326
7388
7390
7391
7414
7443
7449
7478
7490
7493
7522
7531
7537
7577
7611
7628
7649
7650
7651
7662
7714
7717
7722
7760
7787
7795
7811
7854
7856
7860
7877
7891
7907
7927
7945
7994
8074
8083
8095
8099
8106
8140
8156
8180
8194
8201
8206
8290
8292
8327
8366
8389
8393
8452
8516
8532
8543
8545
8589
8642
8660
8671
8697
8747
8791
8810
8874
8888
8917
9023
9067
9070
9090
9107
9198
9212
9240
9262
9284
9285
9338
9359
9363
9376
9396
9468
9493
9518
9555
9558
9616
9652
9868
9927
9956
9984
10066
10087
10145
10213
10236
10291
10306
10337
10347
10348
10378
10393
10422
10425
10459
10500
10512
10521
10524
10549
10550
10564
10567
10584
10591
10711
10759
10789
10811
10822
10831
10974
11073
11107
11134
11252
11263
11272
11318
11420
11425
11437
11511
11515
11546
11578
11642
11762
11763
11785
11823
11895
11927
11949
12017
12093
12105
12171
12202
12337
12370
12407
12421
12426
12430
12470
12546
12583
12648
12675
12681
12684
12716
12733
12810
12819
12825
12832
12885
12931
13071
13085
13163
13290
13345
13409
13444
13482
13575
13581
13640
13783
13799
13909
14121
14286
14292
14334
14399
14401
14414
14429
14451
14513
14535
14570
14574
14575
14596
14745
14825
14928
15367
15454
15540
15577
15625
15751
15800
15830
15966
16077
16169
16186
16237
16341
16542
16554
16606
17508
17856
17912
17985
17997
18189
18500
18738
18865
18952
19014
19279
19610
19632
20224
20310
20404
20413
20523
20557
20574
20714
21122
21233
21481
22599
22734
22850
22962
23085
23191
23382
23642
23879
24424
24831
24869
25306
25310
25544
25912
26060
26157
26247
26830
26869
27054
27194
27461
28133
28161
28913
29232
29235
30203
30320
30533
31316
31386
31408
31428
31439
31504
31696
33413
33625
35337
36345
37755
38896
39585
39663
40041
40499
40953
41118
42317
45632
45851
48379
48584
49826
51067
53870
53890
54172
54543
55002
55192
56705
57367
57758
58092
58484
59007
59720
61131
62468
62917
63310
66551
67019
67087
68677
68902
72953
73903
84249
84367
94378
104482
105439
108517
109214
110440
110493
113257
114866
118187
118669
119240
119467
119599
120019
120044
120129
120419
120577
121349
121370
121383
121420
121520
121524
121552
121599
121645
121653
121664
121760
121786
121810
121856
121898
121941
121997
122043
122080
122146
122167
122256
122443
122503
122535
122553
122648
122663
122692
122718
122813
122821
122839
122843
122902
123138
123296
123312
123387
123480
123798
123845
124097
124132
124366
124457
124600
124602
124646
124686
124719
124777
124879
125026
125164
125198
125287
125326
125603
125607
125659
125668
125677
125738
125741
125749
125756
125764
125784
125827
125842
125856
125881
125904
125905
125915
125924
125949
125953
126001
126007
126010
126026
126072
126077
126080
126096
126097
126119
126163
126166
126176
126199
126204
126222
126229
126239
126259
126263
126308
126327
126349
126350
126403
126443
126450
126517
126520
126524
126527
126538
126573
126583
126617
126627
126686
126717
126758
126786
126818
126847
126863
126908
126931
126938
126952
126982
126986
126991
127046
127058
127081
127114
127118
127142
127195
127215
127225
127249
127300
127347
127360
127361
127377
127414
127425
127430
127436
127449
127452
127457
127458
127469
127477
127550
127581
127584
127607
127671
127738
127833
127842
127903
127918
127925
127929
127930
128050
128128
128129
128181
128242
128409
128410
128428
128457
128534
128593
128595
128768
129065
129145
129201
129241
129244
129246
129341
129398
129478
129505
129588
129590
129592
129640
129663
129739
130177
130224
130256
130393
130394
130395
130624
130641
130710
130747
130750
130754
130764
130813
130819
130820
130843
130904
130930
131125
131188
131283
131341
131469
131501
131520
131566
131568
131619
131739
131758
131808
132439
132665
132705
132979
132983
132985
133226
133513
136516
137335
137606
137801
137818
137826
137830
137834
137835
137839
137844
137850
137944
137956
137963
137998
138000
138131
138244
138247
138255
139028
139037
139707
139708
139713
139714
139717
139719
139720
139722
139723
139724
139725
139727
139728
139729
139731
139735
139736
139737
139740
139742
139743
139745
139750
139752
139753
139756
139757
139760
139761
139762
139769
139770
139781
139782
139786
139790
139799
139804
139811
139817
139824
139826
139832
139836
139839
139848
139863
139865
139866
139870
139873
139875
139877
139880
139883
139884
139885
139888
139890
139893
139907
139909
139912
139915
139919
139935
139939
139942
139947
139956
139957
139966
139969
139972
139991
139993
139997
140004
140015
140016
140031
140037
140051
140056
140073
140092
140096
140101
140119
140122
140124
140158
140159
140160
140163
140172
140175
140193
140196
140202
140223
140236
140281
140284
140291
140297
140308
140345
140353
140357
140391
140402
140410
140414
140415
140424
140426
140431
140446
140467
140487
140505
140551
140616
140701
140703
140705
140780
140793
140836
140874
140962
140982
141066
141107
141184
141241
141257
141262
141275
141303
141441
141577
141603
141624
142021
142472
143687
144364
146787
148315
150347
150874
155163
155167
155231
155252
155272
155276
155427
155454
155537
155595
155634
155656
155696
155732
156053
156595
156691
157820
157847
158078
158136
158311
158341
158376
158597
158607
158627
158727
158832
158836
158839
160160
160161
160393
