0
2
3
4
5
6
7
8
9
10
11
12
14
15
17
18
19
20
21
22
23
26
27
28
29
31
32
33
35
36
37
39
41
42
43
44
45
46
47
49
50
51
52
53
54
55
56
57
59
60
61
64
65
66
67
69
72
75
76
77
78
80
81
82
83
84
85
86
87
88
89
90
91
92
93
94
95
96
98
99
100
101
103
104
105
106
107
108
110
111
113
114
115
117
118
119
121
122
124
126
127
128
129
131
132
133
134
135
139
141
142
145
147
148
149
150
151
152
153
154
155
156
158
159
160
161
162
163
165
166
167
168
169
170
171
173
176
178
181
182
183
184
185
186
187
189
190
191
193
195
197
198
199
200
201
202
203
204
205
206
207
208
209
210
211
213
215
217
218
220
221
222
223
224
226
227
228
229
230
231
232
233
234
235
236
238
239
240
242
243
244
245
246
248
249
250
251
252
253
255
256
259
260
261
262
263
264
265
267
271
272
273
274
275
276
277
278
279
281
282
284
285
286
288
289
290
295
297
298
299
300
303
304
305
308
310
312
313
315
316
318
321
322
324
325
326
327
328
330
332
333
334
336
338
339
340
343
344
345
347
348
349
350
351
355
358
359
361
362
363
366
367
369
370
371
372
374
377
378
379
381
382
383
384
386
387
388
391
393
395
396
397
400
403
404
405
406
409
410
411
412
413
414
415
416
418
419
420
421
422
423
424
428
430
433
436
437
439
440
441
444
445
446
447
451
452
453
454
458
459
462
465
466
467
469
473
478
480
481
482
483
485
487
488
489
492
493
495
497
498
499
501
502
503
505
506
508
512
514
517
518
520
523
525
527
528
532
533
535
536
538
540
541
542
544
545
547
549
550
551
552
553
554
555
558
559
562
564
567
569
570
575
581
583
584
585
589
590
592
593
595
597
598
599
603
605
607
610
611
612
614
618
620
622
623
625
626
627
628
630
631
632
634
636
637
638
640
642
643
644
646
649
651
652
653
654
657
658
659
660
662
663
664
667
668
669
671
672
674
675
676
679
681
685
686
688
694
695
697
700
701
702
703
704
705
706
710
711
715
716
717
718
719
720
722
727
728
730
734
735
736
737
738
739
741
742
745
747
748
751
753
754
756
759
761
762
764
766
770
773
775
776
777
778
779
780
781
782
783
787
788
790
791
794
795
797
798
799
800
801
804
807
808
812
814
815
816
817
819
824
826
828
829
830
831
835
838
839
840
841
842
843
844
845
846
848
849
850
851
853
855
856
857
859
860
861
862
867
868
869
874
875
876
877
878
880
881
882
885
886
889
890
892
894
897
898
900
903
907
908
909
910
911
912
913
914
916
919
922
923
926
927
928
929
930
932
934
935
936
938
939
940
941
942
943
945
947
948
949
950
951
952
955
959
960
961
964
965
967
968
973
975
977
978
983
988
989
990
992
993
994
1000
1003
1004
1005
1006
1015
1019
1020
1023
1024
1027
1028
1029
1030
1032
1035
1036
1037
1040
1041
1042
1043
1044
1045
1048
1050
1053
1054
1056
1061
1062
1063
1065
1067
1069
1071
1074
1075
1081
1082
1083
1085
1086
1092
1093
1094
1095
1096
1097
1104
1105
1107
1108
1112
1118
1121
1123
1126
1128
1129
1130
1131
1132
1135
1137
1145
1153
1154
1156
1159
1161
1162
1163
1165
1167
1168
1172
1174
1176
1180
1181
1190
1192
1193
1195
1196
1199
1200
1201
1202
1205
1208
1209
1210
1212
1213
1214
1216
1220
1221
1222
1224
1226
1228
1229
1234
1236
1237
1238
1239
1240
1241
1243
1244
1247
1248
1249
1250
1254
1257
1258
1259
1261
1262
1264
1267
1268
1270
1272
1273
1274
1276
1278
1279
1281
1287
1291
1293
1294
1295
1296
1299
1303
1304
1307
1309
1313
1314
1318
1320
1322
1323
1325
1328
1329
1330
1332
1333
1336
1337
1342
1343
1348
1350
1352
1355
1357
1358
1361
1365
1367
1368
1369
1371
1374
1376
1377
1378
1379
1381
1383
1386
1390
1393
1396
1398
1399
1401
1403
1405
1406
1407
1408
1412
1414
1415
1416
1417
1420
1422
1428
1430
1431
1432
1433
1435
1436
1437
1439
1441
1445
1446
1448
1450
1451
1453
1455
1457
1459
1462
1469
1470
1474
1475
1477
1479
1484
1485
1486
1487
1490
1491
1492
1493
1494
1496
1500
1506
1507
1508
1510
1512
1513
1516
1517
1518
1520
1523
1525
1527
1533
1534
1535
1543
1544
1548
1549
1550
1552
1553
1555
1557
1558
1560
1562
1565
1567
1568
1571
1573
1574
1581
1582
1583
1585
1587
1588
1589
1595
1596
1598
1599
1600
1602
1603
1605
1606
1608
1609
1611
1615
1616
1621
1623
1624
1626
1634
1635
1637
1638
1641
1645
1648
1650
1652
1655
1657
1658
1659
1662
1663
1664
1665
1666
1667
1668
1670
1671
1674
1675
1676
1677
1680
1682
1683
1689
1694
1699
1700
1702
1705
1706
1710
1711
1714
1720
1721
1722
1739
1740
1742
1748
1751
1752
1754
1757
1759
1760
1761
1764
1767
1768
1771
1774
1775
1776
1777
1779
1784
1786
1788
1789
1790
1793
1794
1795
1799
1800
1802
1804
1805
1806
1807
1809
1810
1813
1814
1819
1820
1822
1823
1825
1826
1830
1834
1836
1840
1842
1849
1850
1851
1852
1853
1856
1859
1860
1862
1863
1869
1872
1876
1877
1883
1888
1889
1893
1897
1898
1899
1902
1903
1906
1907
1908
1911
1918
1922
1925
1929
1930
1933
1934
1936
1938
1939
1941
1943
1944
1948
1952
1953
1957
1960
1961
1965
1970
1975
1983
1985
1987
1989
1990
1992
1994
1995
1998
2000
2003
2004
2006
2008
2009
2016
2022
2026
2027
2028
2030
2034
2035
2036
2037
2039
2041
2045
2046
2048
2049
2059
2062
2065
2066
2069
2074
2076
2079
2086
2095
2098
2103
2104
2106
2110
2115
2116
2118
2122
2125
2128
2129
2131
2133
2134
2135
2141
2146
2149
2155
2156
2158
2161
2163
2165
2166
2167
2168
2176
2177
2181
2182
2187
2189
2192
2195
2196
2202
2207
2211
2216
2217
2221
2225
2226
2227
2236
2238
2239
2244
2245
2249
2253
2258
2260
2261
2266
2268
2269
2274
2281
2284
2286
2293
2298
2300
2303
2305
2310
2314
2316
2322
2324
2330
2331
2332
2336
2338
2340
2343
2344
2346
2349
2355
2358
2361
2363
2364
2365
2370
2372
2374
2377
2378
2381
2383
2387
2388
2389
2392
2393
2394
2397
2402
2404
2410
2419
2422
2427
2429
2431
2444
2445
2447
2449
2452
2458
2461
2462
2465
2467
2469
2482
2486
2490
2496
2498
2500
2503
2505
2511
2512
2515
2519
2522
2525
2526
2528
2532
2535
2536
2538
2540
2544
2554
2557
2558
2567
2570
2575
2579
2585
2593
2596
2602
2603
2617
2626
2627
2634
2637
2656
2657
2660
2666
2668
2670
2676
2682
2683
2688
2689
2696
2698
2699
2700
2708
2712
2714
2724
2725
2729
2733
2734
2736
2738
2743
2751
2757
2763
2764
2765
2768
2769
2771
2776
2778
2779
2781
2782
2786
2788
2789
2799
2805
2808
2822
2830
2839
2845
2848
2851
2861
2864
2865
2870
2871
2875
2881
2885
2891
2893
2894
2895
2896
2905
2908
2910
2912
2917
2918
2920
2924
2929
2935
2941
2946
2954
2960
2961
2962
2970
2975
2977
2988
2992
2994
3003
3015
3019
3022
3026
3027
3029
3035
3036
3042
3056
3059
3061
3068
3069
3071
3074
3076
3077
3079
3084
3096
3102
3130
3131
3138
3140
3143
3144
3147
3149
3150
3160
3167
3169
3187
3190
3194
3204
3206
3216
3220
3227
3235
3237
3239
3245
3247
3251
3256
3261
3263
3268
3271
3273
3274
3279
3292
3294
3296
3300
3303
3309
3318
3319
3322
3323
3330
3334
3340
3342
3346
3350
3351
3355
3358
3367
3370
3380
3384
3396
3403
3405
3407
3409
3416
3441
3443
3448
3452
3453
3454
3455
3458
3465
3480
3486
3490
3496
3497
3498
3501
3518
3525
3526
3527
3533
3541
3544
3547
3549
3554
3560
3564
3565
3567
3568
3585
3590
3592
3595
3599
3608
3613
3619
3632
3635
3638
3641
3653
3661
3666
3678
3698
3700
3705
3709
3717
3723
3728
3733
3735
3737
3760
3768
3773
3778
3779
3795
3799
3803
3808
3809
3821
3822
3847
3850
3858
3864
3875
3876
3878
3879
3887
3890
3898
3902
3903
3905
3918
3919
3920
3951
3964
3968
3969
4006
4024
4026
4028
4037
4040
4043
4053
4062
4064
4068
4086
4099
4105
4106
4120
4123
4125
4126
4137
4158
4165
4169
4171
4175
4177
4198
4212
4215
4226
4234
4253
4263
4265
4285
4297
4305
4311
4312
4315
4318
4319
4325
4326
4329
4346
4347
4349
4370
4371
4378
4392
4397
4412
4438
4444
4463
4466
4467
4470
4481
4482
4486
4487
4489
4492
4494
4499
4500
4501
4503
4528
4532
4535
4547
4549
4550
4557
4562
4568
4570
4571
4581
4591
4604
4606
4619
4624
4626
4633
4635
4640
4641
4650
4651
4652
4654
4655
4666
4671
4675
4680
4694
4695
4703
4712
4722
4727
4730
4740
4742
4751
4752
4759
4760
4762
4773
4807
4817
4821
4825
4826
4829
4834
4840
4841
4847
4850
4854
4857
4864
4866
4868
4882
4905
4912
4913
4917
4920
4927
4935
4957
4960
4966
4972
4978
4981
4994
5000
5027
5036
5039
5061
5069
5074
5101
5128
5138
5147
5152
5169
5172
5174
5195
5203
5205
5214
5221
5226
5240
5241
5245
5246
5254
5255
5261
5264
5265
5266
5274
5283
5290
5307
5309
5313
5320
5324
5325
5326
5327
5334
5339
5354
5372
5376
5382
5387
5391
5393
5394
5395
5408
5410
5416
5450
5457
5461
5469
5474
5476
5478
5480
5495
5504
5510
5523
5530
5537
5541
5566
5583
5591
5593
5604
5606
5612
5615
5627
5633
5650
5658
5661
5663
5669
5683
5687
5692
5699
5701
5712
5720
5722
5723
5725
5730
5743
5753
5762
5773
5791
5804
5808
5813
5814
5815
5817
5822
5823
5838
5843
5844
5845
5849
5850
5855
5864
5865
5873
5875
5878
5882
5884
5886
5890
5891
5894
5915
5916
5921
5926
5930
5957
5960
5964
5969
5983
5986
5987
6001
6005
6008
6009
6017
6018
6022
6025
6027
6028
6036
6041
6046
6049
6059
6063
6079
6082
6087
6126
6137
6144
6152
6160
6168
6181
6202
6214
6235
6236
6240
6243
6245
6250
6260
6263
6268
6272
6276
6298
6301
6307
6310
6325
6345
6358
6366
6372
6380
6388
6409
6411
6412
6420
6428
6436
6442
6445
6448
6451
6458
6464
6484
6486
6488
6492
6497
6499
6500
6503
6509
6526
6544
6549
6557
6588
6591
6597
6598
6601
6603
6609
6617
6621
6628
6631
6632
6638
6648
6684
6712
6731
6739
6749
6755
6761
6768
6781
6785
6787
6796
6798
6806
6809
6811
6815
6817
6819
6826
6834
6835
6837
6842
6845
6846
6849
6856
6872
6881
6883
6887
6891
6900
6904
6919
6920
6937
6943
6946
6951
6956
6965
6973
6986
6991
7016
7024
7035
7036
7059
7072
7102
7104
7107
7118
7124
7125
7128
7129
7132
7143
7146
7151
7169
7182
7187
7205
7209
7211
7214
7219
7227
7228
7236
7242
7243
7244
7262
7266
7268
7291
7294
7315
7317
7324
7326
7348
7355
7358
7370
7373
7377
7380
7382
7388
7390
7391
7403
7412
7414
7423
7443
7487
7490
7494
7522
7524
7528
7537
7543
7545
7564
7570
7587
7596
7604
7609
7611
7618
7626
7647
7651
7657
7661
7662
7668
7669
7683
7687
7692
7717
7733
7738
7747
7760
7761
7773
7775
7777
7787
7796
7797
7798
7799
7800
7816
7829
7837
7840
7841
7853
7854
7874
7876
7877
7880
7887
7891
7900
7902
7906
7907
7909
7923
7945
7962
8006
8039
8061
8074
8079
8081
8083
8086
8089
8099
8106
8109
8118
8119
8131
8137
8138
8140
8141
8156
8163
8165
8168
8178
8180
8183
8191
8201
8206
8208
8227
8242
8268
8276
8278
8279
8287
8292
8311
8313
8319
8322
8326
8327
8337
8340
8347
8353
8364
8369
8375
8387
8389
8393
8396
8399
8423
8438
8445
8452
8453
8456
8462
8473
8483
8498
8499
8538
8543
8545
8564
8589
8595
8605
8608
8613
8614
8621
8622
8638
8640
8642
8647
8648
8658
8660
8667
8684
8689
8697
8699
8700
8707
8714
8728
8735
8750
8769
8773
8791
8797
8799
8810
8828
8856
8860
8917
8931
8944
8963
8972
8997
9011
9024
9026
9037
9042
9053
9062
9067
9070
9078
9087
9104
9114
9152
9158
9163
9164
9170
9177
9178
9197
9198
9212
9231
9241
9243
9245
9247
9259
9260
9262
9269
9284
9285
9304
9315
9325
9334
9337
9360
9363
9376
9385
9396
9423
9433
9440
9441
9455
9468
9478
9484
9493
9496
9520
9523
9525
9527
9553
9555
9568
9576
9578
9589
9606
9622
9632
9652
9658
9665
9679
9681
9703
9715
9719
9725
9749
9770
9776
9778
9783
9792
9806
9822
9861
9868
9878
9881
9910
9916
9922
9930
9932
9956
9958
9963
10001
10015
10016
10017
10020
10025
10030
10032
10035
10036
10050
10055
10084
10088
10093
10107
10109
10115
10127
10145
10146
10150
10158
10171
10213
10223
10236
10268
10278
10288
10291
10306
10309
10313
10324
10371
10372
10378
10388
10392
10393
10394
10395
10422
10425
10431
10448
10453
10459
10468
10469
10486
10493
10500
10509
10526
10531
10549
10564
10570
10591
10608
10634
10645
10652
10656
10675
10688
10689
10711
10715
10729
10746
10791
10811
10812
10819
10869
10899
10919
10932
10946
10964
10981
10985
11003
11012
11019
11031
11033
11053
11059
11073
11078
11082
11135
11140
11160
11190
11197
11210
11226
11252
11286
11299
11327
11362
11370
11376
11377
11383
11390
11420
11425
11437
11478
11494
11546
11547
11571
11578
11586
11602
11633
11642
11658
11706
11722
11734
11763
11767
11774
11777
11778
11784
11785
11795
11805
11823
11855
11883
11886
11947
11973
11985
11987
12017
12023
12026
12035
12042
12062
12069
12089
12090
12093
12096
12105
12111
12131
12134
12145
12151
12159
12171
12192
12202
12218
12260
12280
12293
12306
12337
12338
12367
12370
12377
12390
12407
12421
12426
12434
12454
12456
12483
12487
12492
12511
12542
12546
12564
12583
12618
12621
12642
12650
12651
12667
12681
12683
12718
12721
12726
12762
12774
12791
12803
12804
12810
12819
12854
12868
12874
12886
12935
12937
12945
12988
13016
13028
13054
13085
13098
13131
13134
13152
13223
13257
13261
13266
13267
13271
13282
13290
13300
13351
13356
13373
13375
13388
13395
13398
13401
13407
13457
13473
13482
13487
13560
13569
13575
13595
13603
13611
13616
13649
13670
13675
13703
13728
13772
13789
13826
13835
13849
13884
13902
13909
13950
13954
13971
13999
14102
14190
14191
14220
14224
14231
14245
14286
14293
14332
14333
14354
14373
14374
14399
14401
14438
14448
14452
14468
14471
14472
14535
14561
14566
14575
14578
14592
14621
14622
14631
14652
14698
14745
14782
14800
14833
14913
14943
14994
15009
15087
15103
15111
15120
15232
15287
15327
15349
15367
15387
15433
15490
15540
15577
15586
15625
15631
15705
15715
15750
15751
15758
15791
15830
15901
15907
15926
15934
15953
15966
15993
15994
16073
16077
16091
16123
16125
16126
16134
16158
16165
16237
16263
16270
16279
16317
16320
16335
16374
16439
16453
16467
16554
16589
16606
16608
16661
16680
16726
16763
16802
16818
16839
16844
16869
16958
16979
17022
17100
17101
17128
17151
17192
17232
17257
17259
17297
17355
17385
17420
17523
17539
17544
17592
17694
17702
17704
17718
17757
17783
17844
17886
17894
17912
17958
17959
17996
17997
18026
18041
18043
18045
18139
18189
18232
18240
18243
18255
18267
18289
18431
18437
18500
18513
18523
18598
18681
18688
18701
18738
18742
18767
18778
18790
18948
18952
18977
18995
19020
19042
19070
19170
19234
19298
19299
19427
19472
19479
19598
19610
19615
19691
19708
19816
19850
19988
20000
20023
20076
20154
20167
20192
20224
20322
20404
20413
20429
20557
20590
20615
20626
20655
20791
20886
20951
21022
21106
21125
21389
21436
21485
21494
21582
21614
21649
21700
21832
21929
21945
22206
22599
22707
22715
22734
22737
22787
22850
23145
23149
23191
23197
23258
23309
23374
23458
23630
23642
24063
24083
24107
24179
24424
24534
24808
24869
25031
25135
25159
25306
25357
25412
25460
25500
25544
25684
25912
26060
26330
26702
26837
26869
27041
27126
27187
27194
27433
28133
28161
28206
28258
28722
28734
28913
29022
29232
29949
30203
30304
30800
31054
31316
31349
31408
31439
31504
31961
31980
32347
32426
32449
32875
33422
33708
33750
34586
34782
35337
35347
35782
35832
36140
36197
36345
37078
37451
37495
37924
38266
38412
38524
38804
38809
39370
39585
39663
40063
40074
40225
40311
40499
40681
40953
41207
41761
41849
42317
42833
44964
45117
45644
45979
46364
47325
47423
47634
48152
48584
48737
49477
51033
51067
51206
51442
51846
51861
52487
53326
53540
53875
53890
54294
54317
54344
55002
55255
56034
57367
57758
58092
58277
58484
59007
59402
59720
60622
61078
61735
62599
62917
64658
65005
65295
66551
67699
68129
68440
71150
72953
73466
74367
76214
77868
79557
80272
82588
83393
84367
85584
85642
87905
89020
90794
90900
94378
95148
99789
106255
108522
109377
110440
110493
111558
113660
114866
115983
115992
116007
116335
117947
118187
118498
118570
118669
119088
119240
119467
119599
119705
119838
120019
120044
120420
120577
120793
120927
120964
121034
121349
121358
121370
121371
121374
121378
121383
121412
121450
121454
121482
121497
121520
121524
121525
121526
121533
121551
121552
121577
121599
121635
121645
121654
121664
121678
121684
121685
121696
121735
121739
121741
121743
121760
121771
121772
121776
121791
121807
121809
121812
121845
121856
121862
121875
121880
121898
121899
121908
121910
121941
121942
121976
121990
121997
122039
122043
122048
122091
122110
122116
122143
122167
122180
122250
122257
122262
122267
122273
122279
122282
122294
122301
122306
122308
122323
122355
122381
122396
122409
122443
122478
122527
122531
122535
122553
122558
122644
122663
122688
122691
122732
122803
122821
122864
122870
122888
122902
122971
122976
123009
123019
123037
123073
123078
123083
123138
123146
123150
123158
123171
123178
123183
123213
123296
123312
123351
123407
123478
123480
123534
123557
123588
123676
123780
123787
123836
123845
123855
123877
123930
123931
124013
124097
124189
124264
124340
124457
124459
124471
124551
124585
124600
124602
124646
124679
124684
124719
124766
124777
124846
124934
124943
124992
125056
125158
125170
125172
125198
125243
125265
125287
125324
125451
125600
125602
125603
125604
125605
125614
125639
125659
125668
125677
125701
125704
125720
125726
125738
125740
125741
125742
125749
125750
125752
125759
125764
125789
125827
125838
125856
125881
125883
125884
125904
125905
125915
125923
125926
125929
125949
125951
125953
125955
126007
126016
126018
126025
126036
126041
126044
126045
126054
126057
126059
126077
126080
126106
126119
126124
126125
126139
126141
126176
126177
126190
126199
126203
126204
126222
126229
126239
126259
126262
126263
126266
126290
126295
126300
126308
126327
126350
126403
126430
126431
126434
126445
126449
126504
126517
126520
126524
126526
126527
126528
126536
126538
126540
126573
126583
126619
126626
126627
126628
126633
126637
126657
126663
126686
126707
126708
126709
126710
126741
126757
126758
126763
126766
126770
126771
126774
126786
126789
126793
126796
126798
126799
126820
126824
126836
126863
126868
126869
126871
126907
126908
126909
126915
126927
126938
126952
126957
126961
126972
126982
126988
126990
127001
127004
127026
127058
127059
127075
127076
127081
127091
127114
127118
127135
127136
127142
127143
127145
127147
127157
127169
127178
127195
127203
127211
127215
127225
127249
127293
127295
127298
127301
127330
127336
127351
127358
127359
127360
127361
127369
127377
127401
127406
127411
127414
127425
127436
127439
127448
127449
127457
127458
127469
127471
127473
127477
127479
127501
127543
127548
127550
127553
127566
127570
127580
127581
127584
127592
127607
127628
127629
127659
127662
127664
127666
127671
127682
127690
127694
127698
127700
127722
127726
127739
127742
127764
127767
127771
127790
127800
127816
127817
127833
127842
127867
127883
127903
127929
127930
128012
128021
128043
128050
128065
128117
128128
128129
128134
128181
128183
128286
128288
128328
128395
128400
128409
128410
128457
128535
128593
128594
128595
128627
128728
128768
129018
129025
129088
129146
129200
129201
129230
129244
129284
129341
129345
129553
129588
129590
129620
129655
129739
129921
129922
130177
130224
130236
130256
130261
130273
130393
130394
130480
130576
130614
130624
130637
130641
130643
130646
130663
130710
130747
130751
130764
130813
130819
130820
130828
130840
130841
130904
130905
130929
130930
131020
131086
131125
131133
131188
131199
131232
131238
131281
131283
131292
131325
131337
131341
131344
131469
131508
131518
131520
131566
131568
131598
131619
131641
131645
131739
131799
131800
131808
131948
132249
132411
132538
132665
132667
132671
132689
132706
132765
132792
132829
132971
132979
132983
132985
133226
133416
133513
133762
134091
135870
137237
137335
137606
137621
137818
137826
137828
137834
137835
137838
137839
137844
137850
137870
137872
137878
137901
137904
137910
137930
137944
137950
137956
137963
137966
137998
138131
138142
138244
138246
138247
138252
138255
138259
138266
138331
138548
138562
138563
138580
138657
139028
139037
139179
139217
139500
139701
139702
139704
139705
139707
139710
139712
139714
139715
139718
139720
139723
139724
139726
139729
139731
139734
139735
139737
139738
139739
139741
139743
139745
139749
139752
139753
139757
139759
139760
139761
139762
139764
139765
139766
139768
139769
139771
139772
139773
139774
139776
139780
139781
139783
139786
139789
139790
139793
139796
139797
139801
139802
139806
139809
139810
139812
139813
139815
139817
139819
139820
139821
139823
139826
139827
139830
139832
139834
139836
139837
139838
139839
139840
139841
139848
139849
139851
139852
139854
139855
139858
139859
139861
139862
139866
139868
139870
139872
139873
139874
139875
139876
139877
139880
139881
139884
139885
139886
139888
139890
139891
139892
139893
139899
139904
139905
139906
139907
139909
139916
139918
139919
139923
139924
139925
139928
139929
139930
139931
139935
139936
139939
139951
139956
139957
139958
139959
139964
139966
139967
139969
139974
139975
139993
139995
139997
139998
140003
140004
140013
140015
140020
140023
140028
140029
140035
140037
140039
140041
140042
140044
140045
140047
140048
140049
140052
140057
140062
140066
140068
140070
140073
140076
140081
140084
140090
140091
140096
140097
140098
140107
140108
140111
140113
140117
140119
140122
140124
140125
140131
140134
140138
140139
140140
140145
140147
140148
140157
140160
140164
140167
140172
140182
140183
140185
140187
140192
140193
140200
140203
140205
140208
140209
140210
140216
140230
140232
140234
140236
140240
140242
140246
140252
140257
140264
140271
140274
140278
140281
140282
140284
140285
140290
140291
140295
140297
140299
140302
140305
140306
140313
140325
140327
140334
140337
140340
140345
140347
140350
140357
140359
140367
140371
140372
140380
140387
140390
140391
140404
140413
140416
140421
140424
140431
140439
140451
140454
140455
140462
140463
140464
140466
140467
140487
140490
140491
140492
140499
140500
140503
140505
140507
140509
140514
140518
140522
140528
140538
140539
140544
140549
140551
140553
140556
140563
140573
140593
140596
140601
140603
140607
140614
140615
140616
140621
140624
140627
140638
140645
140647
140658
140667
140668
140676
140680
140683
140686
140700
140703
140705
140709
140720
140741
140747
140753
140789
140798
140815
140831
140834
140835
140867
140874
140881
140920
140933
140944
140962
140968
140972
140989
140993
140998
141004
141007
141010
141013
141019
141026
141032
141034
141039
141047
141056
141070
141072
141092
141094
141098
141103
141106
141107
141113
141119
141124
141125
141126
141144
141148
141154
141158
141176
141184
141194
141210
141221
141224
141225
141234
141240
141241
141257
141262
141269
141274
141353
141371
141383
141415
141417
141422
141441
141450
141459
141495
141523
141540
141577
141578
141603
141624
141634
141658
141698
141714
141725
141731
141735
141750
141754
141773
141781
141785
141809
141819
141845
141866
141895
141973
142021
142043
142054
142190
142218
142226
142279
142292
142301
142354
142478
142527
142574
142709
142716
142850
143687
143929
144014
144190
145313
146208
148315
150803
150874
151071
154242
154879
155167
155180
155206
155220
155226
155228
155231
155244
155246
155249
155252
155263
155271
155276
155286
155294
155296
155316
155337
155346
155379
155384
155427
155437
155476
155477
155487
155493
155524
155560
155571
155599
155615
155631
155634
155639
155641
155642
155649
155656
155679
155688
155689
155694
155745
155906
155914
155921
155922
155926
155927
155934
155938
155951
155971
156001
156045
156063
156084
156111
156120
156178
156204
156257
156338
156453
156595
156785
157820
157847
157987
158136
158251
158311
158341
158376
158504
158551
158609
158627
158637
158679
158727
158767
158817
158824
158826
158836
158874
158885
159122
159217
159711
160161
160224
160342
160459
